# logA n_s H0 omega_b omega_cdm tau_reio one_over_alpha8 A_planck calib_100T calib_217T A_cib_217 xi_sz_cib A_sz ksz_norm gal545_A_100 gal545_A_143 gal545_A_143_217 gal545_A_217 ps_A_100_100 ps_A_143_143 ps_A_143_217 ps_A_217_217 galf_TE_A_100 galf_TE_A_100_143 galf_TE_A_100_217 galf_TE_A_143 galf_TE_A_143_217 galf_TE_A_217
2.289305067724354767e-04 1.122752080987493005e-05 -5.014545401620222782e-03 3.942084155932425552e-07 -4.222508103479033637e-06 1.090997220908176073e-04 -3.793389566075830292e-04 1.020890613162692900e-05 8.224468157079620718e-08 -1.665695322731395365e-08 -3.446545772453243374e-03 1.018694771012955874e-04 8.797556599755389228e-04 -2.387899677183207264e-03 -4.863861312225456891e-04 -7.610811983995777316e-04 -4.620558310572740030e-04 2.502455738074853189e-03 -1.950177491730772580e-02 -7.783999813963839685e-03 -3.138354971224218879e-04 4.638951942338492493e-03 6.001090933210910418e-06 -2.272177720742681978e-06 -5.449125764331641269e-06 -1.297198802951996488e-05 -1.661510963749846754e-05 -1.770952878470719610e-05
1.122752080987493005e-05 1.283788709517111657e-05 5.230310260893172034e-04 1.330260373593274613e-07 -1.790254024121771911e-06 7.946626725463065851e-06 -1.094263122795208615e-05 4.871126955429944490e-07 -6.341215769105554842e-08 -8.005417689212201971e-08 -3.725814334794443940e-03 8.422923111267195131e-05 9.114518881691707763e-04 -2.149454195573279221e-03 2.499320913638002789e-04 -3.127098952760311431e-04 -3.452573586515423482e-04 8.733243771594388551e-04 -2.122838007507057284e-02 -5.896301546025426756e-03 1.579284175076723544e-03 4.566585546123847275e-03 2.554340766928824474e-07 5.386891525652341475e-07 7.438116100660743453e-07 -1.932312915254900228e-06 -1.432081580197142164e-06 -1.137854161134623980e-05
-5.014545401620222782e-03 5.230310260893172034e-04 1.902294035171812947e+00 2.391546949780716202e-05 7.153119076389720876e-05 -2.443783794546878097e-03 1.074443000535779402e-01 -3.637634085529794993e-04 4.444066581527746573e-06 -4.327988520949404261e-06 6.893372930361241213e-02 -1.805011083861181049e-03 -5.377485431725849419e-02 7.449505301883671549e-02 5.527090799637603136e-02 1.627753193285080835e-02 -1.400380054151019807e-02 -9.807262518637742399e-02 7.092870311466252797e-01 3.202408908588479930e-01 4.262381376855197551e-02 -5.704647074128391809e-02 -6.349789622519517757e-05 -2.868083159188757991e-04 7.324395063640061574e-04 7.618630950189880053e-04 8.519271022550670884e-05 -8.846775017056430351e-03
3.942084155932425552e-07 1.330260373593274613e-07 2.391546949780716202e-05 1.781458236409858490e-08 -4.699162031523867652e-08 1.954974418278488737e-07 -3.227460430380276972e-07 1.651990863789694460e-08 3.201038472434183214e-09 -1.142515587037309018e-09 -6.919851175452898225e-05 1.704229350246787158e-06 1.312746667141413135e-05 -2.942714414245506686e-05 -3.934759890349521351e-06 -8.209145893263829829e-06 -1.194774927116628494e-05 8.263050238312623597e-06 -2.697994943270053104e-04 -1.884475586293441786e-04 -6.033990412475942082e-05 3.542206250005161139e-06 3.085261784927402643e-09 -3.786149936566437572e-08 -4.516869386802780077e-08 -2.362169160398461139e-07 -5.103134731790644262e-07 -2.325972156983131291e-06
-4.222508103479033637e-06 -1.790254024121771911e-06 7.153119076389720876e-05 -4.699162031523867652e-08 8.268255272837961917e-07 -2.867487957670670428e-06 2.153114190136420537e-05 -2.596734054730425020e-07 -8.404336214561098532e-09 5.977645329054416353e-09 1.184174604021622510e-04 -1.757075754063134035e-06 -6.503987403990712656e-05 8.952860939152392395e-05 2.817822800367714851e-06 1.489585967911706666e-05 4.435377627543141425e-06 -5.849080112159902179e-05 9.243105333590486772e-04 6.084207746475929577e-04 2.548341004390068903e-04 6.665018208673374625e-05 -2.652943518283420759e-07 6.458538059239333098e-08 -1.937321057739399738e-07 4.495328668143685473e-07 1.930429544622485991e-06 6.247308420688985005e-06
1.090997220908176073e-04 7.946626725463065851e-06 -2.443783794546878097e-03 1.954974418278488473e-07 -2.867487957670670428e-06 5.923529782969747979e-05 -1.995432541435209763e-04 -5.598890518232728440e-07 -2.916042816033387579e-08 -8.251547022097295834e-09 -1.572879205221153990e-03 3.215242033134899790e-05 4.929136948964088494e-04 -8.803664324659255316e-04 -1.376925567998253446e-04 -1.307288932269023952e-04 -2.480998422352857026e-05 4.866432210671884631e-04 -1.145533663659337523e-02 -4.844783261470984696e-03 -1.579459317501175596e-03 -6.638441941754633828e-04 3.201134899726362312e-06 -3.973972442681967236e-08 -4.393850097714839171e-06 -5.164509612539050063e-06 -9.792832156952667103e-06 -2.556030857696886389e-05
-3.793389566075830292e-04 -1.094263122795208615e-05 1.074443000535779402e-01 -3.227460430380276972e-07 2.153114190136420537e-05 -1.995432541435209763e-04 6.627792833448055768e-03 -2.671277678417748890e-05 3.556026750480935351e-08 1.049971453139392759e-08 1.011683898196770459e-02 -2.160441251365645833e-04 -4.911222897947477468e-03 7.334631601696495889e-03 3.433947918224356487e-03 1.765586187478613775e-03 4.992884394030778009e-04 -6.585507587468529545e-03 6.992340663344584484e-02 3.800645948080152298e-02 8.564104453425109426e-03 -4.414339274420762786e-03 -6.899753347538312154e-06 -1.039412822461135454e-05 4.475673581927212038e-05 6.128741603285993423e-05 6.154389300745508214e-05 -2.668464624067081923e-04
1.020890613162692900e-05 4.871126955429944490e-07 -3.637634085529794993e-04 1.651990863789694460e-08 -2.596734054730425020e-07 -5.598890518232728440e-07 -2.671277678417748890e-05 6.010908148108186259e-06 3.847041310979290264e-09 1.071112373569353254e-09 5.975165717073006172e-04 -4.066484109933744350e-06 4.556958346873861236e-05 -6.108338517608663445e-05 3.860912004031340564e-05 1.590305073498718519e-05 2.565900462786781092e-05 8.201682716306551687e-04 2.545917544478589357e-03 1.520333520941990514e-04 2.395687623733765397e-04 1.284688424357675494e-03 4.727169797000964481e-08 -9.089015200310708633e-07 1.369899704177095097e-06 -1.485523315702153664e-06 5.645738985896439181e-07 1.665715885873208041e-05
8.224468157079620718e-08 -6.341215769105554842e-08 4.444066581527746573e-06 3.201038472434183214e-09 -8.404336214561098532e-09 -2.916042816033387579e-08 3.556026750480932042e-08 3.847041310979290264e-09 3.750032131695816785e-07 -1.401557444719262303e-09 -2.174625191299956362e-04 6.458603021050242749e-06 9.535048303209751538e-05 -6.934513612650509539e-05 1.712856504120824526e-04 -1.758671280115581292e-04 -2.518145650972212259e-05 7.528491746808177855e-05 3.929126888071382724e-03 1.017587717143544581e-04 4.510131198758647684e-04 4.775132037726153656e-04 -1.129029130818312085e-07 -9.482323616607115628e-08 1.481459600352438720e-07 2.578312526859287302e-09 -5.360509735322194625e-07 -1.703309940695376268e-06
-1.665695322731395365e-08 -8.005417689212201971e-08 -4.327988520949404261e-06 -1.142515587037309018e-09 5.977645329054416353e-09 -8.251547022097307414e-09 1.049971453139392759e-08 1.071112373569353254e-09 -1.401557444719262303e-09 3.903239497319939040e-07 6.966772398904582308e-04 -2.859287375175202766e-06 -2.847171021801331206e-05 1.294185859096791180e-05 -7.020532436313339810e-06 -3.408211599574170172e-05 4.253880386964983308e-04 9.716655341424768055e-04 3.325263468518970650e-04 6.567936179551687776e-05 -4.223589564627322685e-04 -1.372452035644013482e-03 -5.768561094781500448e-09 4.013406553131114195e-08 -2.540754204327129935e-07 2.987050628148501821e-07 -3.455403765352150226e-07 -2.281843216397901743e-06
-3.446545772453243374e-03 -3.725814334794443940e-03 6.893372930361238438e-02 -6.919851175452896869e-05 1.184174604021622510e-04 -1.572879205221153990e-03 1.011683898196770459e-02 5.975165717073004003e-04 -2.174625191299956362e-04 6.966772398904582308e-04 4.438142249834799458e+01 -3.938917629629173356e-01 -7.307274083596249081e-01 -2.672597485812489571e-01 3.202370058095442285e-01 5.617910034226499816e-01 -5.951768236783885335e+00 -3.345899569847822619e+01 3.321546257915158407e+01 1.451963839934642175e+00 -1.303472674536778797e+01 -5.467808426380154430e+01 -2.133699874934712973e-03 -1.072299472702631677e-03 1.475487582739347815e-03 6.127394384747716308e-04 -2.939000197388585284e-03 3.030999855048915393e-04
1.018694771012956010e-04 8.422923111267193775e-05 -1.805011083861181483e-03 1.704229350246787158e-06 -1.757075754063133612e-06 3.215242033134900468e-05 -2.160441251365646917e-04 -4.066484109933746044e-06 6.458603021050242749e-06 -2.859287375175203189e-06 -3.938917629629173356e-01 8.162329838811625826e-02 -4.654533827419810033e-02 4.565304131719688518e-02 -9.592835113270093902e-03 9.810225822428707276e-03 1.072694132468165057e-01 1.402432234841388681e-01 -4.744693380466079580e-01 9.239579694846530300e-01 1.708332292488687232e+00 6.384557112530354628e-01 -3.611289531307544323e-05 -5.696468235710394504e-05 3.355762255805049189e-05 -8.964960862343614926e-05 2.671120423297521844e-04 -1.446556946898993180e-04
8.797556599755389228e-04 9.114518881691707763e-04 -5.377485431725849419e-02 1.312746667141413135e-05 -6.503987403990715366e-05 4.929136948964088494e-04 -4.911222897947478336e-03 4.556958346873859881e-05 9.535048303209752894e-05 -2.847171021801331206e-05 -7.307274083596249081e-01 -4.654533827419810726e-02 3.894335656880103969e+00 -2.718561349353244783e+00 -2.137867321437356971e-01 1.314273974179517301e-01 2.642164344970916900e+00 3.301039635329512389e+00 -3.112547498814976521e+01 -3.456890651266055325e+00 7.381650061239912297e+00 5.088531931108831508e+00 9.382804679295245773e-05 2.238046791339133590e-04 -9.275071756443633610e-04 1.526358987559312550e-04 -1.241512829139467325e-03 -1.027614742590212543e-02
-2.387899677183207264e-03 -2.149454195573279221e-03 7.449505301883671549e-02 -2.942714414245506686e-05 8.952860939152392395e-05 -8.803664324659256401e-04 7.334631601696495022e-03 -6.108338517608662090e-05 -6.934513612650509539e-05 1.294185859096791011e-05 -2.672597485812490126e-01 4.565304131719688518e-02 -2.718561349353244783e+00 5.855730528320737704e+00 9.419498620903625496e-02 -1.764880730776237361e-01 -2.042454990305348161e+00 -2.253190267653377266e+00 1.394119964425278901e+01 -4.830744967134524614e+00 -1.162652525305264817e+01 -9.006245589212051428e+00 8.732108674283473818e-04 6.501744234714242673e-05 -1.364010441565301278e-04 -3.725926389143454612e-04 2.243666771262975857e-03 1.061212725601179581e-02
-4.863861312225456891e-04 2.499320913638002789e-04 5.527090799637603830e-02 -3.934759890349521351e-06 2.817822800367714428e-06 -1.376925567998253718e-04 3.433947918224356487e-03 3.860912004031339886e-05 1.712856504120824526e-04 -7.020532436313339810e-06 3.202370058095442840e-01 -9.592835113270095637e-03 -2.137867321437356694e-01 9.419498620903625496e-02 3.364264759166418983e+00 5.359160707824776049e-01 9.141140497264087228e-02 -5.897431856440027431e-02 -5.982077377517285299e+00 -3.010016463682010368e-01 -8.184837298965518260e-01 -7.174893529837506057e-01 -1.084771720770902190e-04 6.940210509547936222e-04 3.305921128846499193e-04 3.028111273707508803e-04 3.894673703700912075e-04 1.746533150532217100e-03
-7.610811983995776232e-04 -3.127098952760312515e-04 1.627753193285080141e-02 -8.209145893263829829e-06 1.489585967911707004e-05 -1.307288932269023952e-04 1.765586187478613992e-03 1.590305073498719197e-05 -1.758671280115581292e-04 -3.408211599574170172e-05 5.617910034226499816e-01 9.810225822428707276e-03 1.314273974179517301e-01 -1.764880730776237361e-01 5.359160707824778269e-01 3.141496527050169352e+00 2.662204928304057194e+00 2.674668218918099694e+00 5.849341474660239903e+00 -1.215102566996670630e+00 -7.199319328974448373e-01 -1.342349605011571523e+00 3.543031628220822456e-04 -6.125792735274725133e-04 -9.788717701421777596e-04 9.811081174706440375e-05 -2.573744436104347284e-04 -1.782860876620786638e-03
-4.620558310572741656e-04 -3.452573586515422940e-04 -1.400380054151018940e-02 -1.194774927116628155e-05 4.435377627543143119e-06 -2.480998422352857365e-05 4.992884394030783430e-04 2.565900462786782448e-05 -2.518145650972212598e-05 4.253880386964983308e-04 -5.951768236783885335e+00 1.072694132468165057e-01 2.642164344970916900e+00 -2.042454990305348161e+00 9.141140497264087228e-02 2.662204928304057194e+00 1.080398939138846259e+01 1.946307650847417747e+01 -1.253168126077224898e+01 3.347941080795707069e+00 4.769461635208828376e+00 5.454076266828877806e+00 1.005509933755861611e-03 -3.339315593684619621e-04 -4.154098920833469537e-03 -2.774301752611248997e-04 -1.933029142689751678e-03 2.347413758729708418e-03
2.502455738074853189e-03 8.733243771594388551e-04 -9.807262518637741011e-02 8.263050238312623597e-06 -5.849080112159902857e-05 4.866432210671884631e-04 -6.585507587468530412e-03 8.201682716306551687e-04 7.528491746808177855e-05 9.716655341424768055e-04 -3.345899569847821908e+01 1.402432234841388681e-01 3.301039635329512389e+00 -2.253190267653377266e+00 -5.897431856440028819e-02 2.674668218918099249e+00 1.946307650847417747e+01 5.411319408379854679e+01 -2.398973784258637210e+01 4.160030745325959955e+00 8.038361615977306585e+00 3.336223662060367445e+01 2.508635826144995674e-03 -1.732772992183744443e-04 -5.944551173475671503e-03 4.900387326100037353e-04 -1.623341521493388119e-03 7.469291715889974335e-03
-1.950177491730772580e-02 -2.122838007507057284e-02 7.092870311466253908e-01 -2.697994943270053104e-04 9.243105333590486772e-04 -1.145533663659337523e-02 6.992340663344584484e-02 2.545917544478589357e-03 3.929126888071382724e-03 3.325263468518970650e-04 3.321546257915158407e+01 -4.744693380466079580e-01 -3.112547498814976521e+01 1.394119964425278901e+01 -5.982077377517285299e+00 5.849341474660239903e+00 -1.253168126077224898e+01 -2.398973784258637210e+01 7.854764157114384489e+02 7.030594161540673781e+01 -5.290588649347122185e+01 -5.724897599679340487e+01 -4.660267676751193335e-03 -6.191869713455101440e-03 2.084012301747948173e-02 4.604122781488006674e-03 -1.896152891289598630e-02 1.871497341776080445e-02
-7.783999813963839685e-03 -5.896301546025426756e-03 3.202408908588480485e-01 -1.884475586293441786e-04 6.084207746475929577e-04 -4.844783261470984696e-03 3.800645948080152298e-02 1.520333520941990514e-04 1.017587717143544717e-04 6.567936179551687776e-05 1.451963839934642175e+00 9.239579694846530300e-01 -3.456890651266055769e+00 -4.830744967134524614e+00 -3.010016463682010368e-01 -1.215102566996670630e+00 3.347941080795706625e+00 4.160030745325959955e+00 7.030594161540673781e+01 6.116113489602401643e+01 4.005655470095040727e+01 1.483260582279274509e+01 -2.458676244679668371e-03 -5.988396174327181160e-04 2.421774971794253377e-03 3.719658106989869473e-03 5.546509696677099505e-03 3.210392086778025844e-02
-3.138354971224219421e-04 1.579284175076723544e-03 4.262381376855200327e-02 -6.033990412475942082e-05 2.548341004390068903e-04 -1.579459317501175596e-03 8.564104453425111160e-03 2.395687623733765397e-04 4.510131198758647684e-04 -4.223589564627322685e-04 -1.303472674536778797e+01 1.708332292488687232e+00 7.381650061239912297e+00 -1.162652525305264639e+01 -8.184837298965518260e-01 -7.199319328974448373e-01 4.769461635208828376e+00 8.038361615977306585e+00 -5.290588649347122185e+01 4.005655470095040727e+01 8.462097694048172514e+01 5.204307106202636390e+01 -2.354225878204347939e-03 2.911589080674504095e-04 2.553640550047128754e-03 3.174768541296415364e-03 6.581755275670271230e-03 -1.585529150343356966e-02
4.638951942338492493e-03 4.566585546123848142e-03 -5.704647074128391809e-02 3.542206250005159021e-06 6.665018208673373270e-05 -6.638441941754632744e-04 -4.414339274420763654e-03 1.284688424357675494e-03 4.775132037726154198e-04 -1.372452035644013482e-03 -5.467808426380154430e+01 6.384557112530354628e-01 5.088531931108829731e+00 -9.006245589212051428e+00 -7.174893529837506057e-01 -1.342349605011571301e+00 5.454076266828877806e+00 3.336223662060367445e+01 -5.724897599679340487e+01 1.483260582279274509e+01 5.204307106202637812e+01 1.021836611663864574e+02 3.393207962071265941e-04 2.252831373166337518e-03 -5.428104696488747103e-04 1.703129035293820875e-03 7.214327982887787198e-03 -1.358222189605147196e-03
6.001090933210910418e-06 2.554340766928824474e-07 -6.349789622519512336e-05 3.085261784927398920e-09 -2.652943518283420229e-07 3.201134899726363159e-06 -6.899753347538307072e-06 4.727169797000975731e-08 -1.129029130818311820e-07 -5.768561094781429310e-09 -2.133699874934713407e-03 -3.611289531307543645e-05 9.382804679295245773e-05 8.732108674283473818e-04 -1.084771720770902597e-04 3.543031628220822998e-04 1.005509933755861828e-03 2.508635826144995674e-03 -4.660267676751192467e-03 -2.458676244679667937e-03 -2.354225878204347071e-03 3.393207962071256726e-04 1.475224665281367996e-03 2.803973808730027793e-04 1.166870851591752465e-04 -3.871738780124159068e-04 -1.003045561472228861e-04 -2.447540811263990300e-05
-2.272177720742681131e-06 5.386891525652343593e-07 -2.868083159188757449e-04 -3.786149936566436910e-08 6.458538059239335745e-08 -3.973972442681899738e-08 -1.039412822461135792e-05 -9.089015200310708633e-07 -9.482323616607115628e-08 4.013406553131116180e-08 -1.072299472702631677e-03 -5.696468235710397892e-05 2.238046791339134674e-04 6.501744234714248094e-05 6.940210509547937306e-04 -6.125792735274724048e-04 -3.339315593684616368e-04 -1.732772992183745527e-04 -6.191869713455104042e-03 -5.988396174327181160e-04 2.911589080674503553e-04 2.252831373166337518e-03 2.803973808730027793e-04 8.696339990996894550e-04 2.721510149430937564e-05 7.447425873790146280e-04 4.879656387065859193e-05 -7.497170429518741587e-04
-5.449125764331645504e-06 7.438116100660736041e-07 7.324395063640059406e-04 -4.516869386802780739e-08 -1.937321057739399474e-07 -4.393850097714838323e-06 4.475673581927212716e-05 1.369899704177095097e-06 1.481459600352438985e-07 -2.540754204327130464e-07 1.475487582739346297e-03 3.355762255805050544e-05 -9.275071756443635778e-04 -1.364010441565302904e-04 3.305921128846494856e-04 -9.788717701421777596e-04 -4.154098920833468669e-03 -5.944551173475673238e-03 2.084012301747948173e-02 2.421774971794253811e-03 2.553640550047128754e-03 -5.428104696488757945e-04 1.166870851591752465e-04 2.721510149430937225e-05 7.207886116372094407e-03 -2.522201432836050270e-04 6.391685336002960729e-04 4.531040025021335765e-03
-1.297198802951996488e-05 -1.932312915254901075e-06 7.618630950189880053e-04 -2.362169160398461139e-07 4.495328668143684415e-07 -5.164509612539050063e-06 6.128741603285994778e-05 -1.485523315702153452e-06 2.578312526859273240e-09 2.987050628148502350e-07 6.127394384747706551e-04 -8.964960862343612216e-05 1.526358987559309839e-04 -3.725926389143454070e-04 3.028111273707509887e-04 9.811081174706440375e-05 -2.774301752611251707e-04 4.900387326100031932e-04 4.604122781488009276e-03 3.719658106989869473e-03 3.174768541296415798e-03 1.703129035293820658e-03 -3.871738780124159068e-04 7.447425873790146280e-04 -2.522201432836050270e-04 2.907034298465155549e-03 5.205567728991071638e-04 -1.019322952465226938e-03
-1.661510963749847093e-05 -1.432081580197141952e-06 8.519271022550655977e-05 -5.103134731790644262e-07 1.930429544622485991e-06 -9.792832156952667103e-06 6.154389300745506859e-05 5.645738985896442358e-07 -5.360509735322194625e-07 -3.455403765352150226e-07 -2.939000197388586151e-03 2.671120423297521302e-04 -1.241512829139467325e-03 2.243666771262975423e-03 3.894673703700916954e-04 -2.573744436104348369e-04 -1.933029142689751895e-03 -1.623341521493387686e-03 -1.896152891289598630e-02 5.546509696677099505e-03 6.581755275670271230e-03 7.214327982887786331e-03 -1.003045561472228861e-04 4.879656387065859193e-05 6.391685336002960729e-04 5.205567728991071638e-04 6.468418222998395008e-03 8.050366539027620921e-03
-1.770952878470720627e-05 -1.137854161134623811e-05 -8.846775017056430351e-03 -2.325972156983131291e-06 6.247308420688985005e-06 -2.556030857696886389e-05 -2.668464624067081381e-04 1.665715885873208041e-05 -1.703309940695376268e-06 -2.281843216397901743e-06 3.030999855048913225e-04 -1.446556946898993451e-04 -1.027614742590212543e-02 1.061212725601179581e-02 1.746533150532216666e-03 -1.782860876620786204e-03 2.347413758729708852e-03 7.469291715889974335e-03 1.871497341776079057e-02 3.210392086778025844e-02 -1.585529150343356966e-02 -1.358222189605145895e-03 -2.447540811263990300e-05 -7.497170429518742671e-04 4.531040025021335765e-03 -1.019322952465226938e-03 8.050366539027620921e-03 7.188274909328623563e-02
