# logA n_s H0 omega_b omega_cdm tau_reio one_over_alpha8 A_planck calib_100T calib_217T A_cib_217 xi_sz_cib A_sz ksz_norm gal545_A_100 gal545_A_143 gal545_A_143_217 gal545_A_217 ps_A_100_100 ps_A_143_143 ps_A_143_217 ps_A_217_217 galf_TE_A_100 galf_TE_A_100_143 galf_TE_A_100_217 galf_TE_A_143 galf_TE_A_143_217 galf_TE_A_217
2.171362950826113026e-04 1.212540456682320996e-05 -4.645377106472126268e-03 4.248101610207678237e-07 -4.432444065827872406e-06 1.039862636349302827e-04 -3.733135522936964078e-04 9.981599562078544694e-06 7.553016807908357786e-08 1.217987780631346393e-08 -3.927771200846479245e-03 1.594082337250207987e-04 5.459776928466161328e-04 -2.066951813688702819e-03 -3.008791471563085048e-04 -1.048963805736035813e-03 -1.151538382754281305e-03 1.951832282001156500e-03 -1.501423099732038940e-02 -7.047673553179879466e-03 8.148100677852818498e-04 4.519988212386947396e-03 -4.962307470414255972e-06 -7.830224224060777793e-06 2.665962107502630460e-06 -1.204431380870704226e-05 -1.078657601820633153e-05 -9.613469359630941999e-06
1.212540456682320996e-05 1.337607924528326362e-05 5.812143061891098016e-04 1.404493746271146557e-07 -1.870623122267329686e-06 8.515936876048720917e-06 -9.545932312539264218e-06 5.522205787014409901e-07 -9.940663536426443858e-08 -4.180277020609375028e-08 -4.016867053237053141e-03 9.998002119967855665e-05 8.462588714538251322e-04 -2.064436107367393844e-03 2.609612540628038191e-04 -3.484075714943372730e-04 -3.154202015312276451e-04 1.224581991594123846e-03 -2.164838682242282639e-02 -5.969567243754218475e-03 1.618717596254165818e-03 4.440995834259929900e-03 -1.318299113165156235e-07 4.504249703827527570e-07 -1.119510977744011659e-06 3.596997323295794664e-07 -6.256022270604798049e-06 -1.999837018845450654e-05
-4.645377106472126268e-03 5.812143061891098016e-04 1.981960925544699048e+00 1.939165598375069849e-05 1.012070382146147766e-04 -2.394290907932488614e-03 1.161287828576681863e-01 -2.729533115953741099e-04 -1.892049536580796564e-05 -5.121352261428843616e-06 1.372708879775657032e-01 -1.096229890527490938e-02 -3.431205542123299396e-02 6.445886105235069941e-02 2.859217275694637614e-02 4.257888796178523755e-02 2.045496043522525634e-02 -6.217641907208043550e-02 5.303513106081826356e-01 2.138969075172586498e-01 -2.006321257494703136e-01 -1.406723402306880311e-01 9.023326248384659545e-04 8.472258567197968370e-05 -2.555611777357982622e-04 -5.160437248932747115e-05 -9.357156269639669037e-04 -1.623628203141069077e-03
4.248101610207678237e-07 1.404493746271146557e-07 1.939165598375069849e-05 1.837394527712112432e-08 -4.959889795865705659e-08 2.211173131612273526e-07 -8.065528856984964183e-07 1.235726996919384460e-08 9.559694807507877098e-10 -7.514065491639826478e-10 -8.588598051516878188e-05 2.114256611699242290e-06 1.395393536883338122e-05 -2.717033613816483784e-05 -5.478048732644398169e-06 -1.199888640991768962e-05 -1.629345680779396174e-05 1.086557656610708498e-05 -3.542807334668715514e-04 -1.898130349445905361e-04 -4.853974941565341884e-05 2.028715440715321198e-05 -2.247869289478163717e-08 -5.371463511775243684e-08 4.326484478705656311e-08 -1.485195736249125547e-07 -5.704448256332822218e-07 -2.003867473646827871e-06
-4.432444065827872406e-06 -1.870623122267329686e-06 1.012070382146147766e-04 -4.959889795865705659e-08 8.608318182640522412e-07 -3.036482587122822005e-06 2.482667793123837744e-05 -2.480841411815458108e-07 4.141904809958992583e-10 3.425706510341227839e-09 2.216199125843863619e-04 -8.410396542582560813e-06 -5.161453825100837056e-05 5.021427997389998411e-05 1.401800520000881305e-05 3.695627536684158263e-05 2.622718260069217732e-05 -8.030597792090060042e-05 1.126182301243608061e-03 6.631631423666687264e-04 2.185155508976223241e-04 6.494460110499868284e-05 5.050816190038496228e-07 -1.481811174269680496e-07 -4.435345521195500154e-07 3.238359534551266881e-07 1.936520009300616293e-06 6.511456889641879065e-06
1.039862636349302827e-04 8.515936876048720917e-06 -2.394290907932488180e-03 2.211173131612273526e-07 -3.036482587122822005e-06 5.719362896140865044e-05 -2.081027783213683141e-04 -7.070024039943849160e-07 -1.933824943744213615e-08 -5.089999825090627507e-09 -1.931322432746375266e-03 7.588434735088726401e-05 3.513807157567483451e-04 -6.594081695083778196e-04 5.344420361839450988e-05 -2.158108597845046145e-04 -3.203074176947626021e-04 2.029284795452035743e-04 -1.051347625470298343e-02 -5.045522702993498684e-03 -1.098881188327589754e-03 -7.968532214524891950e-04 -3.165057330861435468e-06 -2.747131457955797484e-06 1.805741084491106616e-06 -5.157198253336725937e-06 -5.227397546338539073e-06 -1.956634681678441325e-05
-3.733135522936964078e-04 -9.545932312539264218e-06 1.161287828576681863e-01 -8.065528856984964183e-07 2.482667793123837744e-05 -2.081027783213682599e-04 7.468257629539664169e-03 -2.027735617515300632e-05 -1.082245766441555086e-06 -1.116901453278475428e-07 1.669407949308160041e-02 -9.510884563424025582e-04 -3.193968524083447367e-03 5.917825698598915517e-03 2.089891974663909448e-03 3.946411309121993991e-03 2.470881774201286706e-03 -6.186599456268431982e-03 6.770132323376125416e-02 3.383554564063040448e-02 -3.695760775470238561e-03 -5.516283465585253808e-03 8.196390450099377161e-05 8.508904056122905608e-06 -4.089451103865978613e-05 2.180615514074405663e-05 8.895110657141673655e-06 1.279649977047392969e-04
9.981599562078544694e-06 5.522205787014409901e-07 -2.729533115953741099e-04 1.235726996919384460e-08 -2.480841411815458108e-07 -7.070024039943848101e-07 -2.027735617515300632e-05 6.035710851615539005e-06 -7.859810220916584900e-09 1.742127460788658395e-08 4.754586019828175984e-04 -9.981218193685099379e-06 -1.463371073417474411e-05 -7.056566895021554656e-05 -5.609264561754906408e-05 -8.568733295919415960e-05 -4.436982637452524780e-05 9.307932493348766018e-04 3.854052924305230617e-03 5.757255589769698758e-04 2.979379698998424236e-04 1.451782972144062068e-03 2.611143646558578641e-07 -6.924885482778057394e-07 -5.283132258166638478e-07 -9.421025713232238099e-07 -1.329589066754350268e-06 1.305238760985149259e-05
7.553016807908357786e-08 -9.940663536426443858e-08 -1.892049536580796564e-05 9.559694807507877098e-10 4.141904809958992583e-10 -1.933824943744215600e-08 -1.082245766441554662e-06 -7.859810220916584900e-09 3.760519268282708309e-07 -8.729440486152063230e-10 -2.135858345305449246e-04 2.470190506348600805e-06 1.193815742147890405e-04 -8.202726649425974396e-05 1.741484087234742553e-04 -1.669965724517296398e-04 -1.183866913233701841e-05 8.232961548670411471e-05 3.723480284954516079e-03 6.475068771606573722e-05 4.189510908096847849e-04 4.869480481309078020e-04 -6.531916366997915555e-09 1.359109919192574538e-08 -3.867475673326305341e-07 -1.215760801680311984e-08 2.592343400250196522e-07 -1.073247542079473961e-06
1.217987780631346393e-08 -4.180277020609375028e-08 -5.121352261428843616e-06 -7.514065491639826478e-10 3.425706510341227839e-09 -5.089999825090614272e-09 -1.116901453278473310e-07 1.742127460788658395e-08 -8.729440486152063230e-10 3.888065127351349702e-07 6.820500259421229247e-04 4.314671222315240161e-08 -3.349254251661026649e-05 1.206002033773884410e-05 -1.734312450058137711e-06 -3.886276723533981675e-05 4.161989890146226964e-04 9.494064255729765681e-04 4.885580979283887532e-04 7.884812118302943283e-05 -3.466654791395824093e-04 -1.276056395290322849e-03 9.275824125852058647e-08 2.046822837719905268e-08 5.011808278251243085e-07 -1.823511844447340089e-07 2.595515545736932617e-08 9.522461477472138926e-07
-3.927771200846479245e-03 -4.016867053237052274e-03 1.372708879775657309e-01 -8.588598051516878188e-05 2.216199125843863619e-04 -1.931322432746375266e-03 1.669407949308159694e-02 4.754586019828176526e-04 -2.135858345305449246e-04 6.820500259421229247e-04 4.421981922824915046e+01 -4.099697508621615305e-01 -7.250354708450041930e-01 -3.976795446832705472e-01 3.225589646578700953e-01 5.719274202499435855e-01 -6.062038903255614564e+00 -3.352954100486059019e+01 3.392040793121039854e+01 1.043272426815387233e+00 -1.270400251780317902e+01 -5.386332638339281687e+01 1.065470887074483966e-03 -7.495417197938499020e-04 4.452493726275895403e-03 -6.574607170902605977e-03 7.826192918385457137e-03 2.696107636192087223e-02
1.594082337250207987e-04 9.998002119967855665e-05 -1.096229890527491285e-02 2.114256611699242290e-06 -8.410396542582557425e-06 7.588434735088725046e-05 -9.510884563424025582e-04 -9.981218193685099379e-06 2.470190506348600805e-06 4.314671222315223617e-08 -4.099697508621615305e-01 8.144886693288645729e-02 -4.826841176199311856e-02 5.649643383533151098e-02 -7.761407093716378089e-03 6.837670266217961423e-03 1.010016002992275702e-01 1.422196955320411960e-01 -6.558309823596082389e-01 8.753852767057720419e-01 1.652748809351031412e+00 6.203902957500632143e-01 -8.256701537710544301e-05 -5.706699033714544584e-05 2.683869008969081414e-04 2.598797108909683756e-05 -8.026659313856477382e-05 -2.876318004770254282e-04
5.459776928466161328e-04 8.462588714538251322e-04 -3.431205542123300783e-02 1.395393536883338122e-05 -5.161453825100837056e-05 3.513807157567483451e-04 -3.193968524083447367e-03 -1.463371073417474750e-05 1.193815742147890405e-04 -3.349254251661028004e-05 -7.250354708450040819e-01 -4.826841176199311856e-02 3.803065054970757419e+00 -2.713651740042884786e+00 -2.524839864710918813e-01 1.564822169785018979e-01 2.573151569179042308e+00 3.138046011141302216e+00 -2.945821572286953227e+01 -3.347534723632845211e+00 7.451236091329984212e+00 5.231739122417318200e+00 -1.080055550308523264e-04 1.435397918511201383e-04 6.289794544753982836e-04 -7.292123566867562186e-04 1.969713599375101849e-04 -2.776092294945436099e-03
-2.066951813688702819e-03 -2.064436107367393844e-03 6.445886105235069941e-02 -2.717033613816483784e-05 5.021427997389998411e-05 -6.594081695083777112e-04 5.917825698598914649e-03 -7.056566895021554656e-05 -8.202726649425974396e-05 1.206002033773884579e-05 -3.976795446832705472e-01 5.649643383533152485e-02 -2.713651740042885230e+00 6.013577135060102385e+00 1.469109346574043184e-01 -1.991551127955260847e-01 -2.053661348312616486e+00 -2.229963863639754962e+00 1.302911573007646417e+01 -5.148017404980654632e+00 -1.199040214035157881e+01 -9.281989466551614498e+00 3.924886202945487173e-04 8.680452650293271665e-04 -1.686763628141881531e-05 1.392120862883603058e-03 5.756622295461884860e-04 -4.070773322000165000e-03
-3.008791471563085590e-04 2.609612540628038191e-04 2.859217275694637614e-02 -5.478048732644398169e-06 1.401800520000880967e-05 5.344420361839449633e-05 2.089891974663910315e-03 -5.609264561754906408e-05 1.741484087234742553e-04 -1.734312450058139829e-06 3.225589646578701508e-01 -7.761407093716378089e-03 -2.524839864710918813e-01 1.469109346574043184e-01 3.313439416693793937e+00 5.073016355061739091e-01 8.268286992983954475e-02 -6.016603191615318980e-02 -6.196590264804957116e+00 -3.236545959511327730e-01 -9.616180244427815493e-01 -8.462615356819996881e-01 -3.027579759677542196e-04 3.948346495072867614e-04 2.220703899575488839e-03 8.606974595325594685e-04 5.286533885236151037e-04 4.541721611797971958e-03
-1.048963805736035813e-03 -3.484075714943372730e-04 4.257888796178523755e-02 -1.199888640991768793e-05 3.695627536684158263e-05 -2.158108597845045603e-04 3.946411309121993991e-03 -8.568733295919414605e-05 -1.669965724517296398e-04 -3.886276723533981675e-05 5.719274202499435855e-01 6.837670266217959689e-03 1.564822169785019257e-01 -1.991551127955260847e-01 5.073016355061739091e-01 3.155551338066162170e+00 2.716055357980690754e+00 2.697950352674758356e+00 5.573629180027181995e+00 -1.461404392587282386e+00 -7.785284985413380987e-01 -1.271158122206316854e+00 7.091365455144762239e-04 -1.631193482339832971e-04 -2.825267321767879064e-04 -9.377595942437027795e-04 -7.234652894066077953e-04 1.411813600003299692e-03
-1.151538382754281088e-03 -3.154202015312276451e-04 2.045496043522526328e-02 -1.629345680779396174e-05 2.622718260069217055e-05 -3.203074176947626021e-04 2.470881774201286272e-03 -4.436982637452527490e-05 -1.183866913233700824e-05 4.161989890146226964e-04 -6.062038903255614564e+00 1.010016002992275702e-01 2.573151569179042308e+00 -2.053661348312616486e+00 8.268286992983953088e-02 2.716055357980690754e+00 1.088793614882643901e+01 1.961694134697533798e+01 -1.099900285459324145e+01 3.231107521650108172e+00 4.519832484228217595e+00 5.583839900459238059e+00 2.771903937755943468e-04 6.569969033482826477e-04 1.099491352753635974e-04 -1.913595249120378546e-03 1.940784277620558463e-04 1.667805991899381710e-02
1.951832282001156717e-03 1.224581991594123846e-03 -6.217641907208040775e-02 1.086557656610708498e-05 -8.030597792090060042e-05 2.029284795452036014e-04 -6.186599456268430247e-03 9.307932493348764933e-04 8.232961548670411471e-05 9.494064255729765681e-04 -3.352954100486059019e+01 1.422196955320411960e-01 3.138046011141302216e+00 -2.229963863639754962e+00 -6.016603191615320367e-02 2.697950352674758356e+00 1.961694134697533798e+01 5.429618485900213898e+01 -2.065863758607765632e+01 4.668787160802438052e+00 7.589713796794540279e+00 3.318847142098982772e+01 -2.427339977953082864e-04 2.365585250308905024e-03 -1.236359053792105995e-03 1.603929344182771725e-03 -6.821420854830361792e-03 1.510389324606037191e-02
-1.501423099732038940e-02 -2.164838682242282639e-02 5.303513106081827466e-01 -3.542807334668715514e-04 1.126182301243607844e-03 -1.051347625470298169e-02 6.770132323376124028e-02 3.854052924305230617e-03 3.723480284954516079e-03 4.885580979283886448e-04 3.392040793121039854e+01 -6.558309823596082389e-01 -2.945821572286953227e+01 1.302911573007646417e+01 -6.196590264804957116e+00 5.573629180027181995e+00 -1.099900285459324145e+01 -2.065863758607765632e+01 7.715390252977140335e+02 6.796162497726029983e+01 -5.466414656490047719e+01 -5.815825022856018478e+01 1.096471694394760346e-02 -8.085515202611042243e-03 -4.147437363499934491e-03 -1.199071757553284677e-02 1.344086030516538841e-02 8.583066954186199804e-02
-7.047673553179879466e-03 -5.969567243754217607e-03 2.138969075172587053e-01 -1.898130349445905361e-04 6.631631423666687264e-04 -5.045522702993497817e-03 3.383554564063041836e-02 5.757255589769698758e-04 6.475068771606573722e-05 7.884812118302943283e-05 1.043272426815387233e+00 8.753852767057720419e-01 -3.347534723632845211e+00 -5.148017404980654632e+00 -3.236545959511327730e-01 -1.461404392587282386e+00 3.231107521650109060e+00 4.668787160802438052e+00 6.796162497726029983e+01 6.134206571738335612e+01 3.980028157714345127e+01 1.590048686728470706e+01 -2.967621285195284637e-03 -2.163028942038072115e-03 1.347361166125567557e-03 5.224083243535465745e-05 1.122689187094699087e-02 6.808126895416825863e-02
8.148100677852818498e-04 1.618717596254165818e-03 -2.006321257494703136e-01 -4.853974941565341884e-05 2.185155508976223241e-04 -1.098881188327589754e-03 -3.695760775470237260e-03 2.979379698998423152e-04 4.189510908096847849e-04 -3.466654791395824093e-04 -1.270400251780317902e+01 1.652748809351031412e+00 7.451236091329984212e+00 -1.199040214035157881e+01 -9.616180244427815493e-01 -7.785284985413380987e-01 4.519832484228217595e+00 7.589713796794540279e+00 -5.466414656490047719e+01 3.980028157714343706e+01 8.449180176270833442e+01 5.269345656381518950e+01 -3.680672019981875379e-03 -2.608086069406949283e-03 6.544692302830229166e-03 1.552071178135898096e-03 1.634205777178411589e-03 8.336681737858595703e-03
4.519988212386946529e-03 4.440995834259929900e-03 -1.406723402306880311e-01 2.028715440715321198e-05 6.494460110499868284e-05 -7.968532214524891950e-04 -5.516283465585256410e-03 1.451782972144062068e-03 4.869480481309078020e-04 -1.276056395290322849e-03 -5.386332638339283108e+01 6.203902957500632143e-01 5.231739122417319088e+00 -9.281989466551614498e+00 -8.462615356819996881e-01 -1.271158122206316854e+00 5.583839900459238059e+00 3.318847142098982772e+01 -5.815825022856018478e+01 1.590048686728470706e+01 5.269345656381518950e+01 1.020718703542619892e+02 -1.312237823821590108e-03 -1.993482421423077404e-03 -9.491472993023367458e-03 7.739307378628853921e-03 -6.129216458273707875e-03 -2.123825494926724969e-02
-4.962307470414255972e-06 -1.318299113165155441e-07 9.023326248384661713e-04 -2.247869289478165371e-08 5.050816190038496228e-07 -3.165057330861436315e-06 8.196390450099374451e-05 2.611143646558580230e-07 -6.531916366997925482e-09 9.275824125852058647e-08 1.065470887074483749e-03 -8.256701537710545657e-05 -1.080055550308522857e-04 3.924886202945485547e-04 -3.027579759677542738e-04 7.091365455144763323e-04 2.771903937755938589e-04 -2.427339977953086388e-04 1.096471694394760520e-02 -2.967621285195284637e-03 -3.680672019981875379e-03 -1.312237823821591192e-03 1.470096036266838871e-03 2.726928228958161015e-04 4.992140046670788924e-05 -3.758349607828086929e-04 -8.518974487109900551e-05 -1.422664148537874408e-04
-7.830224224060777793e-06 4.504249703827530746e-07 8.472258567197961593e-05 -5.371463511775243684e-08 -1.481811174269679702e-07 -2.747131457955796637e-06 8.508904056122912384e-06 -6.924885482778058453e-07 1.359109919192575861e-08 2.046822837719906260e-08 -7.495417197938500104e-04 -5.706699033714543229e-05 1.435397918511201111e-04 8.680452650293271665e-04 3.948346495072867614e-04 -1.631193482339833784e-04 6.569969033482828645e-04 2.365585250308905024e-03 -8.085515202611040508e-03 -2.163028942038072115e-03 -2.608086069406948416e-03 -1.993482421423077838e-03 2.726928228958161015e-04 8.486599195287333015e-04 2.684243618925114924e-05 7.241056269004349450e-04 3.872687894099544710e-05 -7.138972249419971161e-04
2.665962107502629613e-06 -1.119510977744011659e-06 -2.555611777357982622e-04 4.326484478705653664e-08 -4.435345521195500154e-07 1.805741084491107039e-06 -4.089451103865977257e-05 -5.283132258166635301e-07 -3.867475673326305341e-07 5.011808278251245202e-07 4.452493726275895403e-03 2.683869008969081414e-04 6.289794544753983920e-04 -1.686763628141864591e-05 2.220703899575488839e-03 -2.825267321767875269e-04 1.099491352753635567e-04 -1.236359053792104694e-03 -4.147437363499931022e-03 1.347361166125567991e-03 6.544692302830229166e-03 -9.491472993023367458e-03 4.992140046670788924e-05 2.684243618925114924e-05 6.999921022864518533e-03 -2.577597492120527320e-04 6.459897807522247239e-04 4.353545612866229451e-03
-1.204431380870704226e-05 3.596997323295802076e-07 -5.160437248932751180e-05 -1.485195736249125547e-07 3.238359534551268999e-07 -5.157198253336724243e-06 2.180615514074404985e-05 -9.421025713232242334e-07 -1.215760801680309999e-08 -1.823511844447340619e-07 -6.574607170902605977e-03 2.598797108909679690e-05 -7.292123566867562186e-04 1.392120862883603274e-03 8.606974595325595770e-04 -9.377595942437027795e-04 -1.913595249120378112e-03 1.603929344182771725e-03 -1.199071757553284850e-02 5.224083243535431863e-05 1.552071178135898096e-03 7.739307378628855656e-03 -3.758349607828086929e-04 7.241056269004349450e-04 -2.577597492120526777e-04 2.919512249062134607e-03 4.802392451597749484e-04 -9.622515398279825674e-04
-1.078657601820633153e-05 -6.256022270604798049e-06 -9.357156269639669037e-04 -5.704448256332823276e-07 1.936520009300616293e-06 -5.227397546338537379e-06 8.895110657141677043e-06 -1.329589066754350268e-06 2.592343400250195463e-07 2.595515545736940889e-08 7.826192918385455402e-03 -8.026659313856469250e-05 1.969713599375101036e-04 5.756622295461884860e-04 5.286533885236151037e-04 -7.234652894066080121e-04 1.940784277620557379e-04 -6.821420854830364394e-03 1.344086030516538841e-02 1.122689187094699087e-02 1.634205777178409638e-03 -6.129216458273710477e-03 -8.518974487109899196e-05 3.872687894099544710e-05 6.459897807522247239e-04 4.802392451597749484e-04 6.379181424168596341e-03 7.702445739756041618e-03
-9.613469359630941999e-06 -1.999837018845450654e-05 -1.623628203141068644e-03 -2.003867473646827871e-06 6.511456889641880759e-06 -1.956634681678441325e-05 1.279649977047393511e-04 1.305238760985149259e-05 -1.073247542079473537e-06 9.522461477472136809e-07 2.696107636192087223e-02 -2.876318004770252656e-04 -2.776092294945435666e-03 -4.070773322000163265e-03 4.541721611797971958e-03 1.411813600003299692e-03 1.667805991899381710e-02 1.510389324606037538e-02 8.583066954186199804e-02 6.808126895416825863e-02 8.336681737858597438e-03 -2.123825494926724275e-02 -1.422664148537874408e-04 -7.138972249419972245e-04 4.353545612866229451e-03 -9.622515398279825674e-04 7.702445739756041618e-03 7.086251248947142423e-02
