# logA n_s H0 omega_b omega_cdm tau_reio one_over_alpha8 zeta_IG A_planck calib_100T calib_217T A_cib_217 xi_sz_cib A_sz ksz_norm gal545_A_100 gal545_A_143 gal545_A_143_217 gal545_A_217 ps_A_100_100 ps_A_143_143 ps_A_143_217 ps_A_217_217 galf_TE_A_100 galf_TE_A_100_143 galf_TE_A_100_217 galf_TE_A_143 galf_TE_A_143_217 galf_TE_A_217
1.786815779719388151e-04 6.596402365597472546e-06 2.482299460491318131e-04 2.991972142747882723e-07 -1.694241664110704834e-06 7.911930247492736064e-05 -4.451414670335861472e-04 4.319110134527880156e-05 1.068263681141877121e-05 4.754100917484763816e-07 5.979607244318343055e-07 -5.122777062232850183e-03 2.375146314705501151e-04 1.469371464619551298e-03 -1.638640176671740624e-03 3.865638131489192164e-04 -1.174793173898294784e-03 5.071148390362156377e-04 6.238157042510188328e-03 -2.731088061024864594e-02 -5.979132436636818565e-03 7.119506042335290927e-03 8.529639369391814330e-03 -2.197991133963037206e-05 -1.248511442877074613e-05 -1.996206295395966168e-05 -2.429533927329049226e-05 -8.369159665549643878e-06 2.198028100557853422e-04
6.596402365597472546e-06 1.887551497042990039e-05 2.751502390834632307e-03 2.601165549148086815e-07 -6.160009990746353895e-07 2.773383801466315771e-06 6.572872057247396496e-04 1.458988212130014751e-05 -4.633824428058794033e-07 1.223070640514507186e-07 -5.008094938330659924e-08 -2.017551477355055897e-03 -7.479602641490144170e-06 1.484694377514434371e-03 -2.035911186113265482e-03 1.051880142265315676e-03 2.806209510161368059e-05 7.649046387156807755e-04 1.465316546435521108e-03 -2.329592534451258024e-02 -1.637355620168779672e-03 5.419920352344638655e-03 5.628065372553299646e-03 -9.676983771290018524e-06 -2.189371569215785293e-06 6.153341185096238850e-06 7.256240528735305629e-06 -1.406432100959197824e-05 -2.212137267199921781e-05
2.482299460491318131e-04 2.751502390834632307e-03 1.010198796678820177e+00 7.103389570873307765e-05 6.271681709174617935e-05 -6.675840614444330211e-04 2.780803123630465890e-01 9.048364487377743778e-04 -8.750398515755799449e-05 1.896660153751535664e-05 -6.156374292276101786e-06 6.165656546902027468e-01 -2.877130284740180358e-02 -1.534007880171143687e-02 1.583454112518318246e-01 4.223839852264941186e-01 1.210619329717708692e-01 1.309467838027274234e-01 -6.199044057235336691e-02 8.716756742466315044e-01 1.244939801670607471e+00 6.973649562375450195e-01 1.996006926937963222e-01 -4.690919549225865191e-04 -3.288816945177507078e-04 -9.785490425670113294e-04 -1.863123268045124891e-04 -1.930476827088576427e-03 -1.133036192992465871e-02
2.991972142747882723e-07 2.601165549148086815e-07 7.103389570873307765e-05 1.921066231239301415e-08 -2.138135562077639028e-08 6.455820425754030173e-08 1.190259197064315430e-05 5.175698577903468082e-07 1.512485752429964547e-08 4.199769517942867367e-09 -1.244533767562257257e-09 -4.518369173219321752e-05 1.145093215832600645e-08 9.004960857922738172e-06 -1.109977488805755205e-05 1.536389063592601411e-05 6.703620577865721106e-06 1.694989704237115309e-05 5.457631223140999824e-05 -2.689653759728158388e-04 -7.948847344284740786e-05 -2.847781471422523720e-05 5.960189946806563273e-06 9.976346812858204488e-08 -5.766234673342679218e-08 -3.153439264944840877e-07 -4.435595677561601825e-07 -6.002946606151518550e-07 -1.328274619675878712e-06
-1.694241664110704834e-06 -6.160009990746353895e-07 6.271681709174617935e-05 -2.138135562077639028e-08 7.492813861825809115e-07 -1.875481115932029187e-06 1.169052584695659877e-04 -2.529483197613747387e-06 -6.339532889383742521e-08 1.114338721078595238e-08 -1.598812856035291752e-08 2.986968642552118177e-04 -7.444085084484109092e-06 1.223937635806743830e-05 8.602057353128853500e-05 1.059584557313571836e-04 7.157736006561710206e-05 1.338983166059111907e-04 1.528220703887176832e-05 5.123102912682340115e-04 6.870752263373700605e-04 4.834536576452436087e-04 2.252316610287208277e-04 4.378150572403434298e-07 -2.622622255512750801e-07 -2.270951761757743047e-07 -1.045425393595577322e-06 -9.968247738056362282e-07 -5.808081156726318223e-06
7.911930247492736064e-05 2.773383801466315771e-06 -6.675840614444330211e-04 6.455820425754030173e-08 -1.875481115932029187e-06 4.262654074660771677e-05 -5.499419371946775211e-04 2.294403524806771521e-05 1.838029101698185511e-07 1.538261709099910518e-07 3.009241088435374506e-07 -1.791807985586423534e-03 1.255290717630336500e-04 6.717295716904328733e-04 -6.245767887493109327e-04 -1.398068630618800268e-06 -4.092870862307697441e-04 -1.867366363354474787e-04 6.240483470164989634e-04 -1.448061231679661359e-02 -5.257890942673175069e-03 8.251249864070462096e-04 -9.434289236119387551e-05 -1.069582058487421706e-05 -4.906058178315887426e-06 -9.194142090420554179e-06 -6.219831376787713151e-06 2.614519296588484004e-06 1.091365402293759026e-04
-4.451414670335861472e-04 6.572872057247396496e-04 2.780803123630465890e-01 1.190259197064315430e-05 1.169052584695659877e-04 -5.499419371946776295e-04 1.016976917449892853e-01 -1.172506592333757590e-03 -3.589504376028969092e-05 7.552395936355205357e-06 -7.746222069490126254e-06 2.109529749179346880e-01 -7.491593080502717723e-03 1.158483975660037652e-03 4.551242451678595008e-02 1.226077746879430941e-01 5.679468504950187929e-02 7.197859063937134261e-02 -6.601334117051234525e-03 4.285463827092302336e-01 4.657365411041224368e-01 3.034281844790815974e-01 1.000246468335269784e-01 2.908409232684331693e-04 -1.602453159910667221e-04 -3.016702188446849717e-04 -1.432948262239062411e-04 -1.417630056031769521e-03 -6.099884671573666331e-03
4.319110134527880156e-05 1.458988212130014412e-05 9.048364487377741610e-04 5.175698577903468082e-07 -2.529483197613747387e-06 2.294403524806771521e-05 -1.172506592333757590e-03 1.633849290685277379e-04 -3.170487592529848076e-07 -1.030177699796956699e-07 6.624068291601300950e-07 1.962511999153484458e-03 -6.260531987501207222e-05 1.196491993740739484e-03 -4.239183756961559506e-04 5.714890062203323035e-04 -2.879384108621806560e-04 4.119730118514048343e-04 1.285910161150894359e-04 -2.468878315256593445e-02 -5.037456906614671409e-03 -1.021902709041615015e-03 -5.150280886229861334e-03 -3.596479545417080397e-05 2.737966660209043471e-05 3.959044145306050012e-05 6.228517605489354114e-05 1.109300279844780399e-04 3.261785253661691813e-04
1.068263681141877121e-05 -4.633824428058794033e-07 -8.750398515755799449e-05 1.512485752429964547e-08 -6.339532889383742521e-08 1.838029101698186835e-07 -3.589504376028969092e-05 -3.170487592529848076e-07 5.191630893920766025e-06 -2.422392007434495201e-08 2.868055241757568893e-08 -8.849681779362519700e-04 4.230226301575806404e-06 -2.754029242902991545e-05 4.148184229522657924e-05 -1.176177759153696162e-04 -1.646284156339404016e-04 2.828747111426247840e-04 2.226719103910467738e-03 1.516454581950467178e-03 5.572832964454463127e-04 5.017289099601247252e-04 2.419061288918937947e-03 -1.282654316820080253e-06 -1.253329987326237459e-06 1.581923497633171580e-06 -5.489118416727502608e-06 -3.058766661831243747e-06 1.452317773215831240e-05
4.754100917484763816e-07 1.223070640514507186e-07 1.896660153751535664e-05 4.199769517942867367e-09 1.114338721078595238e-08 1.538261709099911047e-07 7.552395936355205357e-06 -1.030177699796956699e-07 -2.422392007434495201e-08 3.838472025102434368e-07 1.786906697543934754e-08 -1.585959837160481629e-04 2.221953897316229602e-06 1.654134803971256948e-04 -1.370063382489039117e-04 2.380223713360265765e-04 -1.980435224266751228e-04 7.528190165714288300e-05 2.063211976595689208e-04 3.062867830948745942e-03 -6.910068340996410312e-05 3.691485044538995205e-04 3.392804017882390362e-04 4.090069044806215028e-07 8.034468535324652699e-07 -3.143776726741068424e-07 2.389297734996745888e-07 9.639019884827558475e-07 1.626510107013464371e-06
5.979607244318343055e-07 -5.008094938330659924e-08 -6.156374292276101786e-06 -1.244533767562257257e-09 -1.598812856035291421e-08 3.009241088435373977e-07 -7.746222069490126254e-06 6.624068291601300950e-07 2.868055241757568893e-08 1.786906697543934754e-08 3.933511550373774656e-07 9.657353088526057176e-04 5.515131156315820341e-06 -1.399103654082022049e-05 -2.730623694101147522e-06 1.863185241085961840e-05 -7.189734314511874423e-05 3.701546740353163652e-04 7.041893115030269622e-04 7.593691949682909422e-04 -4.788197762641954719e-05 -3.822104446685641380e-04 -1.757504129102229135e-03 -7.602537919230538721e-07 -6.024626294936606654e-07 2.233808930060826388e-06 3.457114230134738758e-07 9.369959826945325224e-07 7.953624554934284424e-06
-5.122777062232850183e-03 -2.017551477355055897e-03 6.165656546902027468e-01 -4.518369173219321074e-05 2.986968642552117093e-04 -1.791807985586423534e-03 2.109529749179346880e-01 1.962511999153484458e-03 -8.849681779362519700e-04 -1.585959837160481629e-04 9.657353088526057176e-04 4.617399787835655189e+01 -4.984260610343053122e-01 -1.131484084796044731e-01 -4.583836086293072709e-01 5.211619444668408319e-01 4.800544324015654785e-01 -5.496166826766511804e+00 -3.310026476894505976e+01 3.631582027617840680e+01 7.990407004727024809e-01 -1.511375804146052637e+01 -5.751784063464880603e+01 1.961518877793507962e-02 5.360897464114910450e-03 7.804441651573101749e-04 5.328567810118455157e-03 2.003954177605941564e-02 6.889142178089813218e-02
2.375146314705501151e-04 -7.479602641490138241e-06 -2.877130284740180358e-02 1.145093215832596344e-08 -7.444085084484109092e-06 1.255290717630336500e-04 -7.491593080502717723e-03 -6.260531987501208578e-05 4.230226301575806404e-06 2.221953897316230026e-06 5.515131156315818647e-06 -4.984260610343054232e-01 8.265003603219686634e-02 -8.247392607005185616e-02 1.022871167277500104e-01 -4.162584031641415605e-02 -1.782053432518115313e-03 1.022368052921039661e-01 2.410217035349440928e-01 -4.276373769864066920e-01 7.793226432144447768e-01 1.503027660536600418e+00 5.861736260822337785e-01 -1.200325114746900266e-03 -1.939070187255977312e-04 1.099169509589082621e-03 1.277448900659129780e-03 2.018276946700769319e-04 8.027469538002188340e-04
1.469371464619551298e-03 1.484694377514434371e-03 -1.534007880171145942e-02 9.004960857922738172e-06 1.223937635806742814e-05 6.717295716904328733e-04 1.158483975660034400e-03 1.196491993740739267e-03 -2.754029242902987818e-05 1.654134803971256677e-04 -1.399103654082021372e-05 -1.131484084796045425e-01 -8.247392607005185616e-02 4.081712157589671541e+00 -3.034937656461156763e+00 -1.399705233132625187e-03 1.753091587728728140e-01 2.861395049584171346e+00 3.417571025952729880e+00 -3.192971965161345338e+01 -3.527043267574653473e+00 7.332083220366033771e+00 4.440263760923468972e+00 1.257722021990568401e-03 -6.609112863099219802e-04 -3.379343030917678070e-03 -2.545241090080804097e-03 -1.973893672630754915e-03 -2.986935891729483789e-04
-1.638640176671741057e-03 -2.035911186113265482e-03 1.583454112518317969e-01 -1.109977488805755205e-05 8.602057353128853500e-05 -6.245767887493109327e-04 4.551242451678593620e-02 -4.239183756961558422e-04 4.148184229522657924e-05 -1.370063382489039117e-04 -2.730623694101133969e-06 -4.583836086293073819e-01 1.022871167277500104e-01 -3.034937656461156763e+00 6.385113298223023648e+00 4.308656934677646683e-02 -2.998450755392524925e-01 -2.381599742676485221e+00 -2.669277564277179771e+00 1.684375122367784172e+01 -3.779740909792613568e+00 -1.123696480395265418e+01 -8.999450966464557666e+00 -6.061831030735675453e-03 -2.569408893447933280e-04 4.123469118477917847e-04 3.753095700350621376e-03 9.749095519889651451e-03 -1.740484828938432954e-02
3.865638131489193790e-04 1.051880142265315676e-03 4.223839852264941186e-01 1.536389063592601072e-05 1.059584557313571836e-04 -1.398068630618756646e-06 1.226077746879430802e-01 5.714890062203326288e-04 -1.176177759153696568e-04 2.380223713360265765e-04 1.863185241085961840e-05 5.211619444668409429e-01 -4.162584031641416299e-02 -1.399705233132669856e-03 4.308656934677646683e-02 3.547720439131433867e+00 6.910038320959693836e-01 5.001168275616979519e-01 1.907163194722415467e-01 -5.459416284722934165e+00 2.233452058316225675e-01 -4.972006084149628302e-01 -1.706771980433829938e-01 -2.617836654565386389e-03 2.269920481111427097e-03 -4.546540821871071156e-03 1.799306604723892571e-04 -8.178258243442889860e-03 -3.296632314094862654e-02
-1.174793173898294784e-03 2.806209510161363654e-05 1.210619329717708692e-01 6.703620577865720259e-06 7.157736006561708851e-05 -4.092870862307696899e-04 5.679468504950187929e-02 -2.879384108621806018e-04 -1.646284156339404016e-04 -1.980435224266751228e-04 -7.189734314511874423e-05 4.800544324015654785e-01 -1.782053432518123769e-03 1.753091587728728140e-01 -2.998450755392526035e-01 6.910038320959693836e-01 3.218434276972733432e+00 2.636789827198222635e+00 2.355210714620196821e+00 3.525056502755544940e+00 -7.737277137011913108e-01 -2.382553056654423407e-01 -4.272708007048220402e-01 7.236500039654621260e-04 5.253917806435474697e-04 -4.574328702574552256e-03 2.516941672905031145e-03 -5.472761718663382959e-04 -9.145180236104961252e-03
5.071148390362157461e-04 7.649046387156808839e-04 1.309467838027274511e-01 1.694989704237115309e-05 1.338983166059111907e-04 -1.867366363354476956e-04 7.197859063937134261e-02 4.119730118514044006e-04 2.828747111426247298e-04 7.528190165714288300e-05 3.701546740353163652e-04 -5.496166826766510916e+00 1.022368052921039383e-01 2.861395049584171346e+00 -2.381599742676485221e+00 5.001168275616979519e-01 2.636789827198222635e+00 1.088418240798675285e+01 1.900324819064020687e+01 -1.623883819602536249e+01 3.157822198100173505e+00 5.345284042051342333e+00 5.377259239393866075e+00 -7.683828181580754958e-03 -4.408999265398695893e-04 -5.018700315443800491e-03 -2.834910537794649039e-03 2.855420271702773568e-03 -1.290693564388419208e-02
6.238157042510188328e-03 1.465316546435521108e-03 -6.199044057235332528e-02 5.457631223141000502e-05 1.528220703887176832e-05 6.240483470164993971e-04 -6.601334117051262280e-03 1.285910161150911977e-04 2.226719103910467738e-03 2.063211976595689208e-04 7.041893115030269622e-04 -3.310026476894505976e+01 2.410217035349440928e-01 3.417571025952729880e+00 -2.669277564277179327e+00 1.907163194722415467e-01 2.355210714620196821e+00 1.900324819064020687e+01 5.195567027923118530e+01 -3.273070343781248681e+01 4.386628646136188081e+00 1.097039417902862901e+01 3.412990666010995255e+01 -2.491743359037864453e-02 -4.856372416493658431e-03 -4.129016201515080774e-03 -1.444150813986591619e-02 -2.680134583208650893e-03 -3.427151446403436247e-02
-2.731088061024864594e-02 -2.329592534451258024e-02 8.716756742466312824e-01 -2.689653759728158388e-04 5.123102912682340115e-04 -1.448061231679661706e-02 4.285463827092302336e-01 -2.468878315256593445e-02 1.516454581950467395e-03 3.062867830948745942e-03 7.593691949682908338e-04 3.631582027617839969e+01 -4.276373769864066920e-01 -3.192971965161345338e+01 1.684375122367783817e+01 -5.459416284722935053e+00 3.525056502755545385e+00 -1.623883819602536249e+01 -3.273070343781248681e+01 7.440835335983517780e+02 6.669493397322018780e+01 -5.950400692229744948e+01 -6.044854436127106112e+01 5.039795069212123224e-02 9.544011665259652735e-03 4.861139420660099547e-02 -6.466091137041195432e-03 1.108442058154817944e-01 6.667286477471719153e-02
-5.979132436636818565e-03 -1.637355620168780106e-03 1.244939801670607471e+00 -7.948847344284740786e-05 6.870752263373700605e-04 -5.257890942673175937e-03 4.657365411041224923e-01 -5.037456906614671409e-03 5.572832964454462043e-04 -6.910068340996411668e-05 -4.788197762641950654e-05 7.990407004727024809e-01 7.793226432144447768e-01 -3.527043267574653473e+00 -3.779740909792613568e+00 2.233452058316226785e-01 -7.737277137011913108e-01 3.157822198100173505e+00 4.386628646136188081e+00 6.669493397322018780e+01 5.507745073531813773e+01 3.521026304814746766e+01 1.542839817224198917e+01 -1.128820822654132486e-02 4.753737513344230906e-03 1.702111270163772158e-02 6.267541271993064093e-03 8.442446761153913487e-03 3.874785982214527802e-02
7.119506042335290059e-03 5.419920352344640389e-03 6.973649562375450195e-01 -2.847781471422523042e-05 4.834536576452435003e-04 8.251249864070466433e-04 3.034281844790814864e-01 -1.021902709041613280e-03 5.017289099601247252e-04 3.691485044538995747e-04 -3.822104446685641380e-04 -1.511375804146052637e+01 1.503027660536600418e+00 7.332083220366032883e+00 -1.123696480395265418e+01 -4.972006084149629412e-01 -2.382553056654423407e-01 5.345284042051343221e+00 1.097039417902862901e+01 -5.950400692229744948e+01 3.521026304814746766e+01 8.157427966875206948e+01 5.488654086750979388e+01 -1.523441434306035958e-02 2.430791234592448620e-03 3.424568342308965258e-02 1.835399267145624430e-02 -1.736327952695115862e-02 3.436837897839899875e-02
8.529639369391814330e-03 5.628065372553299646e-03 1.996006926937963222e-01 5.960189946806563273e-06 2.252316610287208006e-04 -9.434289236119318433e-05 1.000246468335270061e-01 -5.150280886229862201e-03 2.419061288918937947e-03 3.392804017882391989e-04 -1.757504129102229352e-03 -5.751784063464880603e+01 5.861736260822337785e-01 4.440263760923468972e+00 -8.999450966464555890e+00 -1.706771980433829938e-01 -4.272708007048220402e-01 5.377259239393866075e+00 3.412990666010995255e+01 -6.044854436127106112e+01 1.542839817224198917e+01 5.488654086750980809e+01 1.090218113220935692e+02 -3.488376022307553004e-03 7.760786257476203973e-03 6.999549223377779690e-03 -3.581546694143907840e-03 -5.237009404898364251e-02 -7.591361843550220589e-02
-2.197991133963037206e-05 -9.676983771290016830e-06 -4.690919549225863023e-04 9.976346812858207135e-08 4.378150572403431121e-07 -1.069582058487421875e-05 2.908409232684332777e-04 -3.596479545417080397e-05 -1.282654316820080465e-06 4.090069044806214498e-07 -7.602537919230536603e-07 1.961518877793507615e-02 -1.200325114746900266e-03 1.257722021990568184e-03 -6.061831030735676321e-03 -2.617836654565386389e-03 7.236500039654621260e-04 -7.683828181580754958e-03 -2.491743359037864453e-02 5.039795069212123224e-02 -1.128820822654132486e-02 -1.523441434306035958e-02 -3.488376022307552570e-03 1.396255759859459968e-03 2.683317090420739856e-04 8.133787147368504243e-05 -3.408763459543492544e-04 2.074763839245564160e-05 -2.548493969179819064e-04
-1.248511442877074613e-05 -2.189371569215785293e-06 -3.288816945177509246e-04 -5.766234673342679218e-08 -2.622622255512750801e-07 -4.906058178315885732e-06 -1.602453159910666408e-04 2.737966660209043471e-05 -1.253329987326237035e-06 8.034468535324652699e-07 -6.024626294936607713e-07 5.360897464114909583e-03 -1.939070187255976770e-04 -6.609112863099219802e-04 -2.569408893447941954e-04 2.269920481111427964e-03 5.253917806435470361e-04 -4.408999265398693725e-04 -4.856372416493658431e-03 9.544011665259647531e-03 4.753737513344231773e-03 2.430791234592447753e-03 7.760786257476203105e-03 2.683317090420739856e-04 8.415686169464841378e-04 3.729351728405554594e-05 6.284455373793319420e-04 1.642399034418462472e-05 -1.081099979505219418e-03
-1.996206295395966168e-05 6.153341185096237156e-06 -9.785490425670113294e-04 -3.153439264944839818e-07 -2.270951761757743047e-07 -9.194142090420550790e-06 -3.016702188446849175e-04 3.959044145306049334e-05 1.581923497633173063e-06 -3.143776726741072129e-07 2.233808930060826811e-06 7.804441651573032360e-04 1.099169509589082838e-03 -3.379343030917678070e-03 4.123469118477928147e-04 -4.546540821871068554e-03 -4.574328702574550522e-03 -5.018700315443800491e-03 -4.129016201515080774e-03 4.861139420660098159e-02 1.702111270163772505e-02 3.424568342308965258e-02 6.999549223377777955e-03 8.133787147368504243e-05 3.729351728405552562e-05 7.018206716181451740e-03 -1.458238787022864461e-04 1.070325427573431097e-03 4.562795085898809465e-03
-2.429533927329048548e-05 7.256240528735307324e-06 -1.863123268045124078e-04 -4.435595677561601825e-07 -1.045425393595576475e-06 -6.219831376787713151e-06 -1.432948262239062682e-04 6.228517605489356825e-05 -5.489118416727501761e-06 2.389297734996746417e-07 3.457114230134739817e-07 5.328567810118449086e-03 1.277448900659129780e-03 -2.545241090080804097e-03 3.753095700350622677e-03 1.799306604723896366e-04 2.516941672905031145e-03 -2.834910537794649039e-03 -1.444150813986591446e-02 -6.466091137041204973e-03 6.267541271993066695e-03 1.835399267145624083e-02 -3.581546694143910876e-03 -3.408763459543492544e-04 6.284455373793319420e-04 -1.458238787022864732e-04 2.530610180261350529e-03 4.113081952475474454e-04 -7.701806550294167499e-04
-8.369159665549642183e-06 -1.406432100959197824e-05 -1.930476827088577077e-03 -6.002946606151517492e-07 -9.968247738056362282e-07 2.614519296588481463e-06 -1.417630056031769954e-03 1.109300279844780671e-04 -3.058766661831243747e-06 9.639019884827558475e-07 9.369959826945328400e-07 2.003954177605941564e-02 2.018276946700771216e-04 -1.973893672630755349e-03 9.749095519889651451e-03 -8.178258243442888126e-03 -5.472761718663382959e-04 2.855420271702774435e-03 -2.680134583208649592e-03 1.108442058154818222e-01 8.442446761153916956e-03 -1.736327952695115168e-02 -5.237009404898364251e-02 2.074763839245564838e-05 1.642399034418459084e-05 1.070325427573431097e-03 4.113081952475474454e-04 6.669774562065628257e-03 7.616540927986993441e-03
2.198028100557853422e-04 -2.212137267199921781e-05 -1.133036192992465871e-02 -1.328274619675878924e-06 -5.808081156726313987e-06 1.091365402293759161e-04 -6.099884671573667198e-03 3.261785253661692897e-04 1.452317773215831240e-05 1.626510107013465007e-06 7.953624554934282729e-06 6.889142178089813218e-02 8.027469538002192677e-04 -2.986935891729459395e-04 -1.740484828938432607e-02 -3.296632314094862654e-02 -9.145180236104956048e-03 -1.290693564388418861e-02 -3.427151446403436247e-02 6.667286477471724704e-02 3.874785982214528496e-02 3.436837897839899875e-02 -7.591361843550221977e-02 -2.548493969179819064e-04 -1.081099979505219418e-03 4.562795085898809465e-03 -7.701806550294169667e-04 7.616540927986993441e-03 7.056844243934819183e-02
