# logA n_s H0 omega_b omega_cdm tau_reio one_over_alpha8 A_planck calib_100T calib_217T A_cib_217 xi_sz_cib A_sz ksz_norm gal545_A_100 gal545_A_143 gal545_A_143_217 gal545_A_217 ps_A_100_100 ps_A_143_143 ps_A_143_217 ps_A_217_217 galf_TE_A_100 galf_TE_A_100_143 galf_TE_A_100_217 galf_TE_A_143 galf_TE_A_143_217 galf_TE_A_217
2.231179219845461352e-04 1.093194958245900119e-05 -4.625134437230885541e-03 3.979759595913967360e-07 -4.119739568855797288e-06 1.054896831777112672e-04 -3.524117796722276699e-04 1.065530300602014538e-05 8.843976730352557952e-08 -3.617121899736246556e-08 -3.419853727243514149e-03 9.567462421179087748e-05 7.375472651805353719e-04 -2.215678486365788361e-03 -4.814031646891043527e-04 -7.188888361743737661e-04 -7.668165250361425175e-04 2.085051116377517090e-03 -1.601042225799801516e-02 -8.057383072088843134e-03 -6.006937653942695738e-04 4.750560819377684652e-03 8.959677845566891148e-06 1.864026662913316886e-06 -5.005742323120359668e-07 -1.147203871841082164e-05 -6.664415388600844947e-06 -3.329265924193259473e-05
1.093194958245900119e-05 1.291072804483816662e-05 5.773174185601306083e-04 1.332265565692467815e-07 -1.790865569357491541e-06 7.817494423426979040e-06 -7.859920967929568951e-06 4.607886619271491868e-07 -6.233033771758286847e-08 -6.373564634251372895e-08 -3.789559929337631226e-03 8.737954565392891935e-05 8.716979153291080267e-04 -2.127231696781848626e-03 2.042839637909690256e-04 -3.067082859897778580e-04 -3.599472438153442718e-04 9.530907878804132250e-04 -2.034971886499270174e-02 -5.978591259090927645e-03 1.528745459916792341e-03 4.503378467528424550e-03 3.283729522732659276e-08 7.743117647418681386e-07 1.235352093797698178e-06 -1.241578472916641209e-06 -6.313928959192970975e-07 -1.345641938898832149e-05
-4.625134437230885541e-03 5.773174185601306083e-04 1.846065308857032461e+00 2.566248250769326397e-05 3.312927880442065895e-05 -2.207727412194175967e-03 1.026134414080437651e-01 -3.543646559839982112e-04 3.615988238401660783e-07 -6.818185930241396762e-07 2.894771561350829164e-02 -1.303613762145716453e-03 -4.214628254274008917e-02 4.956548485525915509e-02 5.110304230007683968e-02 1.842092906044210526e-02 -2.071085128203723966e-03 -4.999797611431770761e-02 7.133207441487142697e-01 3.399838193434251976e-01 8.804918217939337877e-02 7.123396370319191699e-03 -4.734038162640357545e-04 -4.179798144536824109e-04 1.108743672858085796e-03 6.547524639128405244e-04 -6.484315276056782078e-04 -7.090047114203168986e-03
3.979759595913967360e-07 1.332265565692467815e-07 2.566248250769326397e-05 1.771800760136992625e-08 -4.754882824421957931e-08 1.974760950961667092e-07 -2.501408940829543857e-07 1.828246562044250892e-08 2.768498244147869183e-09 -1.474734720780535969e-09 -6.574259642326241669e-05 1.786190988548705051e-06 1.489983484945552134e-05 -3.148783404932991811e-05 -4.065324667123408119e-06 -6.336050954060080002e-06 -1.149641191501975776e-05 5.155528131409667166e-06 -2.737639280849745414e-04 -1.863990925507424490e-04 -5.358045321845363702e-05 6.244096384448644210e-06 -1.537969261877934978e-08 -3.113352340110547362e-08 -5.698090803522013580e-08 -2.469050788867110589e-07 -4.487360295942592326e-07 -2.307392734488988979e-06
-4.119739568855797288e-06 -1.790865569357491541e-06 3.312927880442065895e-05 -4.754882824421957931e-08 8.295939315637367147e-07 -2.816278530303696336e-06 1.922069896248639924e-05 -2.552309614819725285e-07 -7.948281418078303406e-09 4.067929722084490208e-09 9.364701191862214228e-05 -9.200965779183638791e-07 -5.597095981203123970e-05 7.960923113021200483e-05 9.627055609086557371e-06 9.376538365562529903e-06 1.377350922331924124e-05 -3.014792989702340452e-05 7.167355965538680729e-04 6.485856756509503608e-04 3.092060248481031423e-04 1.169227179622630902e-04 -1.942924795079736730e-07 1.427832934878173879e-08 -2.161045709508059087e-07 7.520560234489405896e-07 1.261919678999251924e-06 8.452002621436313247e-06
1.054896831777112672e-04 7.817494423426977346e-06 -2.207727412194175967e-03 1.974760950961667092e-07 -2.816278530303696336e-06 5.717969052703824858e-05 -1.838558923646177944e-04 -4.349478667560276232e-07 -2.196247556436013033e-08 -2.769089139440983539e-08 -1.651191300383566532e-03 2.849178732672740276e-05 4.151759269905377654e-04 -7.840117755947467780e-04 -1.712017460675512471e-04 -1.013547037837415497e-04 -1.601507528759696733e-04 3.084236761186067376e-04 -9.343577664160076374e-03 -5.049597647913781073e-03 -1.780932999419467368e-03 -5.230946151280243530e-04 4.344637755253631027e-06 1.841958224441504675e-06 -1.081313668734486572e-06 -5.635150349048450338e-06 -4.099928426797814305e-06 -3.256847965165040606e-05
-3.524117796722276157e-04 -7.859920967929570645e-06 1.026134414080437651e-01 -2.501408940829544387e-07 1.922069896248639924e-05 -1.838558923646177944e-04 6.234416394414204858e-03 -2.559319880805023322e-05 -1.278160704159502198e-07 1.793967694498416330e-07 6.738773004479945046e-03 -1.962530141639437736e-04 -4.069753644220091941e-03 5.690386951692845592e-03 3.489854860817680725e-03 1.593602892455402500e-03 1.229334072061775062e-03 -2.833101859095165428e-03 6.869226595898290932e-02 3.995967234912702754e-02 1.201523415993603801e-02 9.928327867516535416e-04 -3.359416069417993784e-05 -2.112202965955177724e-05 6.973188007609002089e-05 6.815129578594581762e-05 9.334198010141111148e-06 -7.079728834210020319e-05
1.065530300602014538e-05 4.607886619271491868e-07 -3.543646559839982112e-04 1.828246562044250892e-08 -2.552309614819725285e-07 -4.349478667560275703e-07 -2.559319880805023322e-05 6.086124637597344110e-06 1.133019021801649274e-09 1.318220271862845012e-08 7.124131349530690759e-04 -1.996506622403673407e-06 3.497095235208426390e-05 -5.778251331066247261e-05 5.793012856653297180e-05 1.698786064131253172e-05 5.079649107722228549e-06 7.588205893645192128e-04 2.516724177216946110e-03 1.735946752710075731e-04 2.581819796050771371e-04 1.140562574686770957e-03 3.255706756943891760e-07 -7.221704102084695974e-07 1.001899026723979129e-06 -7.987384375104355657e-07 2.598303561588748322e-07 1.164684153918776607e-05
8.843976730352557952e-08 -6.233033771758286847e-08 3.615988238401660783e-07 2.768498244147869183e-09 -7.948281418078303406e-09 -2.196247556436013695e-08 -1.278160704159502198e-07 1.133019021801649274e-09 3.774712189788529020e-07 -2.785339060709030032e-09 -2.276966179642189096e-04 5.451937281948399370e-06 9.782060845995724566e-05 -7.667399836763437546e-05 1.758315989173027058e-04 -1.764197577674184809e-04 -2.546827371591713700e-05 7.430779637070065850e-05 3.925293371585791488e-03 1.083738446433330866e-04 4.468906357518049590e-04 5.141733808140195715e-04 -1.332382984007305866e-07 2.167116010901159995e-09 1.928149099650696194e-07 1.537339670548925837e-07 -4.499908725223876200e-07 -1.501790596790892392e-06
-3.617121899736246556e-08 -6.373564634251372895e-08 -6.818185930241396762e-07 -1.474734720780535969e-09 4.067929722084490208e-09 -2.769089139440982547e-08 1.793967694498416595e-07 1.318220271862845012e-08 -2.785339060709030032e-09 3.883394427731229527e-07 6.798382468071626980e-04 -1.838813002537309021e-06 -3.688385548120224093e-05 1.922969687406907572e-05 -1.102687980538294164e-06 -3.406675262155083110e-05 4.135262105959335390e-04 9.621938477529927728e-04 3.243184099978474477e-04 5.043475011657794774e-05 -4.212672358271619608e-04 -1.348860357465599558e-03 1.245746526128786932e-08 -1.358962054811498301e-07 -9.543543417860083428e-08 4.963941386926572376e-08 -5.664669520235058763e-07 -2.289745371042935904e-06
-3.419853727243514149e-03 -3.789559929337631226e-03 2.894771561350828470e-02 -6.574259642326241669e-05 9.364701191862214228e-05 -1.651191300383566315e-03 6.738773004479945913e-03 7.124131349530690759e-04 -2.276966179642189096e-04 6.798382468071626980e-04 4.419267119926288245e+01 -3.917459656514715172e-01 -7.830148826456074795e-01 -2.374312350105411418e-01 2.961102621248580813e-01 5.749299019596296745e-01 -5.943169417614242001e+00 -3.334029689981644395e+01 3.346567005174419052e+01 1.573173499343496706e+00 -1.310628961387670266e+01 -5.444642985105184607e+01 -6.185073305882164349e-04 -1.662173338708875263e-03 -2.812069693090744893e-03 -6.121334262427009136e-04 -5.258813552812308285e-03 -5.062649201557085053e-03
9.567462421179087748e-05 8.737954565392893290e-05 -1.303613762145716237e-03 1.786190988548705051e-06 -9.200965779183647261e-07 2.849178732672740953e-05 -1.962530141639437736e-04 -1.996506622403674678e-06 5.451937281948399370e-06 -1.838813002537309021e-06 -3.917459656514715172e-01 8.133837424750245404e-02 -4.589309425255567315e-02 4.281803101140219114e-02 -5.830516403235933356e-03 1.226140926105794005e-02 1.111175650833592099e-01 1.495182721869489917e-01 -4.781998406221992792e-01 9.163470574037835270e-01 1.699391728433699900e+00 6.382850071756989152e-01 3.451659975697002591e-05 -1.038569819107044545e-05 -1.049601026464545530e-04 2.182558606773039932e-05 3.312505104819491938e-04 1.424892757930986558e-04
7.375472651805351550e-04 8.716979153291081351e-04 -4.214628254274008917e-02 1.489983484945552473e-05 -5.597095981203122615e-05 4.151759269905377654e-04 -4.069753644220091941e-03 3.497095235208425712e-05 9.782060845995724566e-05 -3.688385548120224093e-05 -7.830148826456074795e-01 -4.589309425255567315e-02 3.916279723449217265e+00 -2.709978712341512441e+00 -2.184100953344088325e-01 1.307044872096542187e-01 2.662559002770927385e+00 3.317325938438347777e+00 -3.131049551093004268e+01 -3.478259690787259828e+00 7.481887136787102932e+00 5.178668410310258707e+00 -1.571389019724522384e-04 2.049926814181793203e-04 1.082368720622742470e-03 2.202515462613899386e-04 -3.972537419636361735e-04 -7.337102347438190057e-03
-2.215678486365788361e-03 -2.127231696781848626e-03 4.956548485525915509e-02 -3.148783404932991811e-05 7.960923113021197773e-05 -7.840117755947467780e-04 5.690386951692845592e-03 -5.778251331066249971e-05 -7.667399836763437546e-05 1.922969687406907911e-05 -2.374312350105411418e-01 4.281803101140219114e-02 -2.709978712341512441e+00 5.840691798890680353e+00 1.244337715223561985e-01 -1.703822930355732845e-01 -2.020034824833250031e+00 -2.200745654743606394e+00 1.361192698578459748e+01 -4.925297250351999168e+00 -1.173697165131294540e+01 -9.105146830589335494e+00 1.008327114859602133e-03 1.300695340756098997e-04 -9.715454298430720344e-04 -4.673764525835570898e-04 2.113110968757318797e-03 7.727099702633744883e-03
-4.814031646891043527e-04 2.042839637909690527e-04 5.110304230007682580e-02 -4.065324667123407272e-06 9.627055609086559065e-06 -1.712017460675512471e-04 3.489854860817680725e-03 5.793012856653297180e-05 1.758315989173027058e-04 -1.102687980538291411e-06 2.961102621248581368e-01 -5.830516403235931622e-03 -2.184100953344088325e-01 1.244337715223562263e-01 3.336755319318751134e+00 5.220465683881840846e-01 1.170588969470908874e-01 -2.518283535091044023e-03 -5.910598779158614313e+00 -2.727749305574923566e-01 -8.034590809925038490e-01 -7.281261204900227879e-01 -6.336932896565771042e-04 3.503882584554123252e-04 1.020866802123928090e-03 -1.932479967571947891e-05 -2.509558266731374675e-04 1.245386467508436930e-03
-7.188888361743737661e-04 -3.067082859897778038e-04 1.842092906044211220e-02 -6.336050954060079155e-06 9.376538365562533291e-06 -1.013547037837415362e-04 1.593602892455402067e-03 1.698786064131253172e-05 -1.764197577674184809e-04 -3.406675262155083110e-05 5.749299019596295635e-01 1.226140926105794005e-02 1.307044872096541910e-01 -1.703822930355732845e-01 5.220465683881840846e-01 3.146136522823266723e+00 2.663285633955119192e+00 2.675963962047821720e+00 5.772788326428887729e+00 -1.273603495224509885e+00 -6.951908576118248639e-01 -1.381190144706966549e+00 1.418844051441591056e-04 -5.810355303386006542e-04 -1.047823011092747190e-03 1.888772682410432024e-04 -7.604001501837568669e-04 -4.720748110076652959e-03
-7.668165250361426259e-04 -3.599472438153443260e-04 -2.071085128203719195e-03 -1.149641191501975437e-05 1.377350922331924294e-05 -1.601507528759696733e-04 1.229334072061774846e-03 5.079649107722242102e-06 -2.546827371591714378e-05 4.135262105959335390e-04 -5.943169417614242001e+00 1.111175650833592238e-01 2.662559002770927385e+00 -2.020034824833250475e+00 1.170588969470908874e-01 2.663285633955119192e+00 1.078649243933533164e+01 1.938387994454958729e+01 -1.288385106775440114e+01 3.216203005705525531e+00 4.882385770291164384e+00 5.462169356615694582e+00 3.850370432599115153e-04 -2.074519197308965753e-04 -2.369799142167234706e-03 4.890670128053075939e-05 -2.062131361802277407e-03 -6.765428962258345684e-05
2.085051116377517090e-03 9.530907878804130082e-04 -4.999797611431774924e-02 5.155528131409668860e-06 -3.014792989702338758e-05 3.084236761186066292e-04 -2.833101859095166295e-03 7.588205893645192128e-04 7.430779637070067205e-05 9.621938477529927728e-04 -3.334029689981644395e+01 1.495182721869489362e-01 3.317325938438347777e+00 -2.200745654743606394e+00 -2.518283535091056600e-03 2.675963962047821720e+00 1.938387994454958729e+01 5.383822511501106334e+01 -2.469782214558366107e+01 3.891716640144282202e+00 8.227198725953922320e+00 3.320079304162748457e+01 6.497261742369793295e-04 -3.442632550904181155e-04 -8.995145114553705894e-04 -1.705282883042493207e-04 -1.983852512049179891e-03 5.902293698327226203e-03
-1.601042225799801169e-02 -2.034971886499270174e-02 7.133207441487141587e-01 -2.737639280849745414e-04 7.167355965538679645e-04 -9.343577664160074639e-03 6.869226595898290932e-02 2.516724177216946544e-03 3.925293371585791488e-03 3.243184099978474477e-04 3.346567005174419052e+01 -4.781998406221992792e-01 -3.131049551093004268e+01 1.361192698578459748e+01 -5.910598779158616090e+00 5.772788326428887729e+00 -1.288385106775440114e+01 -2.469782214558366107e+01 7.855616243338939739e+02 7.134529138295221173e+01 -5.329325342364851537e+01 -5.710563456063789545e+01 -7.542055647466402741e-04 -5.375828074159064336e-03 -5.963218109521599419e-04 7.006423440595611549e-03 -2.475785140246036450e-02 1.285772598116469243e-03
-8.057383072088844869e-03 -5.978591259090927645e-03 3.399838193434251976e-01 -1.863990925507424219e-04 6.485856756509504693e-04 -5.049597647913781073e-03 3.995967234912702754e-02 1.735946752710075189e-04 1.083738446433330730e-04 5.043475011657793419e-05 1.573173499343496706e+00 9.163470574037835270e-01 -3.478259690787259828e+00 -4.925297250351999168e+00 -2.727749305574923566e-01 -1.273603495224509663e+00 3.216203005705525531e+00 3.891716640144282202e+00 7.134529138295221173e+01 6.159072472714277069e+01 4.021620543544587179e+01 1.516874403436623453e+01 -1.805033507531133598e-03 -1.632697991946112175e-04 -9.934943895852520104e-04 4.958373084232342749e-03 2.768829174763744704e-03 3.796985174222498871e-02
-6.006937653942697906e-04 1.528745459916792341e-03 8.804918217939340652e-02 -5.358045321845363702e-05 3.092060248481030881e-04 -1.780932999419467368e-03 1.201523415993604148e-02 2.581819796050771371e-04 4.468906357518049048e-04 -4.212672358271619608e-04 -1.310628961387670266e+01 1.699391728433699900e+00 7.481887136787102932e+00 -1.173697165131294540e+01 -8.034590809925037380e-01 -6.951908576118248639e-01 4.882385770291164384e+00 8.227198725953922320e+00 -5.329325342364851537e+01 4.021620543544587179e+01 8.500425149485181464e+01 5.258246565122568938e+01 -1.656863813668354654e-03 9.103747180156695259e-04 3.692636202506358913e-03 5.404834199449162768e-03 8.473494055256330579e-03 2.594112707249302506e-03
4.750560819377684652e-03 4.503378467528424550e-03 7.123396370319198638e-03 6.244096384448641668e-06 1.169227179622630902e-04 -5.230946151280243530e-04 9.928327867516526743e-04 1.140562574686770957e-03 5.141733808140195715e-04 -1.348860357465599558e-03 -5.444642985105184607e+01 6.382850071756990262e-01 5.178668410310258707e+00 -9.105146830589335494e+00 -7.281261204900226769e-01 -1.381190144706966771e+00 5.462169356615694582e+00 3.320079304162748457e+01 -5.710563456063789545e+01 1.516874403436623808e+01 5.258246565122568938e+01 1.022735973323600973e+02 -1.597194790773357950e-03 3.509541843148593181e-03 6.830129188440068125e-03 5.676356550598522961e-03 9.690203078522764343e-03 1.120708770656513899e-02
8.959677845566891148e-06 3.283729522732654644e-08 -4.734038162640358629e-04 -1.537969261877933324e-08 -1.942924795079736465e-07 4.344637755253631027e-06 -3.359416069417994462e-05 3.255706756943891231e-07 -1.332382984007305866e-07 1.245746526128785774e-08 -6.185073305882167602e-04 3.451659975696998525e-05 -1.571389019724524281e-04 1.008327114859602133e-03 -6.336932896565769958e-04 1.418844051441593224e-04 3.850370432599119490e-04 6.497261742369793295e-04 -7.542055647466385394e-04 -1.805033507531134031e-03 -1.656863813668354654e-03 -1.597194790773358601e-03 1.484395708050669643e-03 2.809341927067982090e-04 1.125448585271121934e-04 -3.850019642864036516e-04 -8.672609350929807906e-05 -4.353712728514571429e-05
1.864026662913316039e-06 7.743117647418680327e-07 -4.179798144536824652e-04 -3.113352340110547362e-08 1.427832934878173548e-08 1.841958224441503828e-06 -2.112202965955178063e-05 -7.221704102084698092e-07 2.167116010901166199e-09 -1.358962054811498565e-07 -1.662173338708875046e-03 -1.038569819107043020e-05 2.049926814181794287e-04 1.300695340756097371e-04 3.503882584554122168e-04 -5.810355303386008710e-04 -2.074519197308965753e-04 -3.442632550904183865e-04 -5.375828074159062601e-03 -1.632697991946121120e-04 9.103747180156693090e-04 3.509541843148593181e-03 2.809341927067982090e-04 8.787401175701974260e-04 3.882192567020582418e-05 7.411806166687289138e-04 5.775489982815102655e-05 -7.478350287189106842e-04
-5.005742323120343786e-07 1.235352093797697543e-06 1.108743672858086447e-03 -5.698090803522013580e-08 -2.161045709508057764e-07 -1.081313668734485513e-06 6.973188007609000733e-05 1.001899026723979129e-06 1.928149099650696723e-07 -9.543543417860080781e-08 -2.812069693090745760e-03 -1.049601026464545801e-04 1.082368720622741819e-03 -9.715454298430713839e-04 1.020866802123928307e-03 -1.047823011092746974e-03 -2.369799142167235140e-03 -8.995145114553703726e-04 -5.963218109521686155e-04 -9.934943895852502756e-04 3.692636202506358045e-03 6.830129188440067257e-03 1.125448585271121934e-04 3.882192567020582418e-05 7.244105666754316504e-03 -2.574419415790277091e-04 6.478578718891182505e-04 4.542340267932170987e-03
-1.147203871841082164e-05 -1.241578472916641632e-06 6.547524639128403075e-04 -2.469050788867110060e-07 7.520560234489405896e-07 -5.635150349048450338e-06 6.815129578594580407e-05 -7.987384375104355657e-07 1.537339670548925572e-07 4.963941386926575023e-08 -6.121334262427006968e-04 2.182558606773035188e-05 2.202515462613897218e-04 -4.673764525835570898e-04 -1.932479967571940437e-05 1.888772682410431482e-04 4.890670128053068485e-05 -1.705282883042506760e-04 7.006423440595609814e-03 4.958373084232343617e-03 5.404834199449162768e-03 5.676356550598523829e-03 -3.850019642864036516e-04 7.411806166687289138e-04 -2.574419415790277091e-04 2.916605660872108405e-03 5.351227905932577069e-04 -9.953200371517012621e-04
-6.664415388600844100e-06 -6.313928959192970975e-07 -6.484315276056783163e-04 -4.487360295942592326e-07 1.261919678999251924e-06 -4.099928426797814305e-06 9.334198010141119619e-06 2.598303561588749910e-07 -4.499908725223875671e-07 -5.664669520235058763e-07 -5.258813552812309153e-03 3.312505104819491396e-04 -3.972537419636363904e-04 2.113110968757318364e-03 -2.509558266731374133e-04 -7.604001501837568669e-04 -2.062131361802277407e-03 -1.983852512049179891e-03 -2.475785140246036450e-02 2.768829174763744704e-03 8.473494055256332314e-03 9.690203078522764343e-03 -8.672609350929809261e-05 5.775489982815104010e-05 6.478578718891183589e-04 5.351227905932577069e-04 6.505391137636601026e-03 7.975909776085230579e-03
-3.329265924193259473e-05 -1.345641938898832149e-05 -7.090047114203168986e-03 -2.307392734488989402e-06 8.452002621436313247e-06 -3.256847965165040606e-05 -7.079728834210017609e-05 1.164684153918776607e-05 -1.501790596790892180e-06 -2.289745371042935904e-06 -5.062649201557083319e-03 1.424892757930987914e-04 -7.337102347438188323e-03 7.727099702633743149e-03 1.245386467508436063e-03 -4.720748110076652959e-03 -6.765428962258305027e-05 5.902293698327226203e-03 1.285772598116470761e-03 3.796985174222498871e-02 2.594112707249306843e-03 1.120708770656513899e-02 -4.353712728514571429e-05 -7.478350287189105758e-04 4.542340267932170987e-03 -9.953200371517012621e-04 7.975909776085230579e-03 7.170532915160851561e-02
