# logA n_s H0 omega_b omega_cdm tau_reio one_over_alpha8 A_planck calib_100T calib_217T A_cib_217 xi_sz_cib A_sz ksz_norm gal545_A_100 gal545_A_143 gal545_A_143_217 gal545_A_217 ps_A_100_100 ps_A_143_143 ps_A_143_217 ps_A_217_217 galf_TE_A_100 galf_TE_A_100_143 galf_TE_A_100_217 galf_TE_A_143 galf_TE_A_143_217 galf_TE_A_217
2.211159041174195214e-04 9.283737192955110083e-06 -4.457427815265136567e-03 4.381297780641918180e-07 -3.907214450149205861e-06 1.040454974251167326e-04 -3.392006865467452948e-04 1.038431418184210017e-05 1.566154050492003752e-07 -8.681791547854006438e-08 -3.653072647421196778e-03 1.007321238265169761e-04 1.011500998863266000e-03 -2.680803639191025028e-03 -6.176655539065195990e-04 -1.168771807151562040e-03 -9.919057842827769169e-04 1.295512415199033540e-03 -1.337745981746108967e-02 -5.391320433046972206e-03 1.546010452651224668e-03 6.534224013716844436e-03 -5.560981341586227020e-06 -2.286950619807234200e-08 -5.077120727244723456e-06 -7.577011725258230396e-06 -2.706288152687164329e-05 -1.390377253184407020e-04
9.283737192955110083e-06 1.264830777596585264e-05 4.881348034730304984e-04 1.345132661473187167e-07 -1.850615137807882951e-06 7.393668429286380751e-06 -1.332353284150951617e-05 1.387811743162362565e-07 -6.165829089855695732e-08 -5.796921483701508515e-08 -3.924398082635282246e-03 7.845395994675492812e-05 8.872000012736759242e-04 -2.132020781612388623e-03 2.166043359740050611e-04 -3.865549242672680261e-04 -3.373697710691713099e-04 1.081427325260888358e-03 -2.197562902157099846e-02 -5.639760444703214963e-03 1.781320456637944553e-03 4.625792486648676316e-03 -1.840768023259329473e-06 5.744217287429984543e-07 -2.356073719718113942e-06 -1.963621037795199196e-07 -3.412125534948049032e-07 -2.024536932928186565e-05
-4.457427815265136567e-03 4.881348034730304984e-04 1.708421974747673877e+00 1.953867631190601942e-05 4.231453892616774586e-05 -2.303635034989169172e-03 9.397939187630612035e-02 -1.716909733290568969e-04 3.911071079268768145e-06 3.752273399651642157e-06 1.497392688507800940e-01 -2.216141723157911188e-03 2.084674127697582272e-02 3.800544735300322163e-02 1.290772684270420634e-02 9.950273316677768140e-03 -4.749452983507514506e-03 -7.705397922987801407e-02 2.079482095595917568e-01 1.482142460077554569e-01 2.037569307573337263e-01 -5.126588697401090328e-02 3.185143351906371211e-04 4.576500827666559260e-04 -4.042414300780260974e-04 6.568359992898276795e-04 1.148048422652109529e-03 2.623697489271726788e-03
4.381297780641918180e-07 1.345132661473187167e-07 1.953867631190601942e-05 1.853524306334834499e-08 -5.148052648381327895e-08 2.207094023448014606e-07 -7.927446834598729647e-07 1.754031232905757000e-08 2.867139879989882309e-09 -6.062291798755365647e-10 -8.381734860528610451e-05 1.476418699382974221e-06 1.943414574975053284e-05 -3.300587062670062264e-05 -4.954087849969505440e-06 -1.029785578292879282e-05 -8.517546492462678897e-06 2.069366774409112005e-05 -3.254120956714806872e-04 -1.969886696326425676e-04 -5.557984950768518899e-05 2.606599679924876246e-05 -9.123610132857659345e-08 1.653118827914001346e-08 -2.335037311356128878e-07 -1.444126952191322570e-07 -3.417200783455246813e-07 -2.019067733935885455e-06
-3.907214450149205861e-06 -1.850615137807882951e-06 4.231453892616774586e-05 -5.148052648381327895e-08 8.586158727879169323e-07 -2.795622447777530266e-06 2.014031363618355968e-05 -1.929116531264091712e-07 -5.546537078779741483e-09 -1.370900255904091959e-09 1.969259061431909749e-04 -1.999959731257058882e-06 -4.420694198106540527e-05 1.090746310044437168e-04 1.381137556182992478e-05 4.077649356373146084e-05 1.769613638356148567e-05 -8.882250182301307305e-05 8.951846644665111506e-04 5.128604592032682576e-04 2.184091295143627512e-04 -8.865611981421138457e-06 4.007443892037705705e-07 -1.747981436269328823e-07 2.084741932615949190e-08 6.049726350309354164e-07 2.021867823845601809e-06 8.726694949002314960e-06
1.040454974251167326e-04 7.393668429286380751e-06 -2.303635034989169172e-03 2.207094023448014606e-07 -2.795622447777530266e-06 5.640458600933688521e-05 -1.881128933199653814e-04 -5.668798634159454124e-07 9.220790398951210758e-09 -4.827833088110021193e-08 -1.998479752024600632e-03 4.210756714695445608e-05 5.543410159864469453e-04 -1.095729200216923266e-03 -1.655381709196668608e-04 -3.491699447577772497e-04 -2.273974742536146289e-04 5.556601628737607322e-05 -9.893213056812445033e-03 -3.887359419705870706e-03 -6.130857641835771787e-04 5.199348961520967568e-04 -1.740554546439480058e-06 2.083790189466006661e-07 -6.042695154922052719e-07 -7.085119349752249040e-06 -1.600128991956173782e-05 -7.402585805010062725e-05
-3.392006865467452406e-04 -1.332353284150951786e-05 9.397939187630612035e-02 -7.927446834598733882e-07 2.014031363618355968e-05 -1.881128933199653814e-04 5.676676922541616307e-03 -1.409736647570117086e-05 -2.594234051502999347e-08 2.536828313371520728e-07 1.611315894021009970e-02 -2.165582965559593098e-04 -6.087167414440171082e-04 5.376594193425036569e-03 1.337129409472761739e-03 1.692630982074838425e-03 7.004830860491144569e-04 -6.493999730243435464e-03 4.522523628442513127e-02 2.859296390970958099e-02 1.866135778608831591e-02 -4.599264315214581476e-03 3.155110175671433867e-05 2.278944139191974372e-05 -4.051468936359836596e-06 5.988617837359792433e-05 1.231794894693595012e-04 4.129219236247499915e-04
1.038431418184210017e-05 1.387811743162362565e-07 -1.716909733290568969e-04 1.754031232905757000e-08 -1.929116531264091712e-07 -5.668798634159454124e-07 -1.409736647570117425e-05 5.933491353263414858e-06 5.289214825560980311e-09 1.675792619951153980e-08 7.321517649597728298e-04 -9.482358904910313135e-06 -6.291956943520435939e-06 2.622851059128333897e-06 -9.993125984589055835e-06 -8.973757858900091700e-06 -5.728715668071634310e-05 6.987449524192848810e-04 4.113848475579290169e-03 5.367179011494188981e-04 2.824994699879902781e-04 1.194700234569947379e-03 -1.544187826537663971e-06 1.552711088454743363e-07 -1.149919754752342787e-06 2.517942861042051806e-06 1.106976520070373938e-06 -3.802933955794459810e-07
1.566154050492003752e-07 -6.165829089855695732e-08 3.911071079268768145e-06 2.867139879989882309e-09 -5.546537078779741483e-09 9.220790398951210758e-09 -2.594234051503012251e-08 5.289214825560980311e-09 3.783578285520573931e-07 -3.770792329547131748e-10 -1.646927819171775187e-04 7.284609772600094864e-06 1.020843080446212582e-04 -8.932441566254003271e-05 1.859286377401034827e-04 -1.571400176336512969e-04 -2.611466190635878083e-06 7.637590535467916517e-05 3.944053869505505239e-03 1.753824990925396715e-04 5.166358598507538469e-04 4.343442019689659392e-04 4.553728767315946493e-08 -2.786329175434705211e-07 1.964026309578286648e-07 4.195097806321530219e-08 8.035716369513115907e-08 1.125307769864710488e-06
-8.681791547854006438e-08 -5.796921483701508515e-08 3.752273399651642157e-06 -6.062291798755365647e-10 -1.370900255904091959e-09 -4.827833088110021193e-08 2.536828313371521787e-07 1.675792619951153980e-08 -3.770792329547131748e-10 3.812817014584851831e-07 7.285586374545133552e-04 -1.688389083616771595e-06 -4.193120796454833505e-05 1.498086582485959160e-05 -1.043700091355722614e-05 -3.824909589106459883e-05 3.799467707825376060e-04 8.658204696780725856e-04 7.458748511273951198e-04 8.973267500142796259e-05 -3.805473569557987009e-04 -1.327249807285155571e-03 -1.297024649753144672e-07 1.592004200572198923e-07 -1.804784434560854749e-07 2.380119472173817352e-07 -1.651089391763250653e-07 -4.458253829665451597e-07
-3.653072647421196778e-03 -3.924398082635282246e-03 1.497392688507800940e-01 -8.381734860528610451e-05 1.969259061431909749e-04 -1.998479752024601066e-03 1.611315894021009970e-02 7.321517649597728298e-04 -1.646927819171775187e-04 7.285586374545133552e-04 4.410836440271973657e+01 -3.676571743768586864e-01 -7.499472779121169053e-01 -2.667430675149814467e-01 2.591990024398343473e-01 4.825576204948615056e-01 -6.055555476357013411e+00 -3.354747357787409356e+01 3.419780573165239446e+01 1.456277562023134742e+00 -1.240927658375371934e+01 -5.411341376759423838e+01 2.723775853151950456e-03 1.525729729364849307e-03 2.613210862382100551e-04 -3.054445446894831287e-03 -3.697884783203794160e-03 -3.140343422346900375e-03
1.007321238265169761e-04 7.845395994675492812e-05 -2.216141723157911622e-03 1.476418699382974221e-06 -1.999959731257058459e-06 4.210756714695446286e-05 -2.165582965559591201e-04 -9.482358904910314829e-06 7.284609772600094864e-06 -1.688389083616772019e-06 -3.676571743768586864e-01 8.067139237340967273e-02 -5.260084329989370144e-02 5.703213791416805734e-02 8.083188380843876232e-04 1.029150689179291443e-02 1.128275317115650794e-01 1.404943869258455935e-01 -3.901796642019262351e-01 9.429573884638511316e-01 1.645843890392171049e+00 5.709553371634368268e-01 -1.190507898840492749e-04 -6.341950453958343579e-05 1.215096592504486022e-04 -4.947380248768569683e-05 6.223953672211939708e-05 -1.195629634410735236e-03
1.011500998863266000e-03 8.872000012736759242e-04 2.084674127697582272e-02 1.943414574975052946e-05 -4.420694198106540527e-05 5.543410159864468369e-04 -6.087167414440165661e-04 -6.291956943520438480e-06 1.020843080446212582e-04 -4.193120796454834182e-05 -7.499472779121169053e-01 -5.260084329989370144e-02 3.987958386860353421e+00 -2.862887622225217754e+00 -1.853663040672279549e-01 1.648599370295459055e-01 2.763347329046943468e+00 3.363901674701883504e+00 -3.197787490226693308e+01 -3.343273877624937107e+00 7.830951645283397156e+00 5.430805705353420443e+00 1.849013022912779846e-04 -7.764003128450528216e-05 -1.635817937330978807e-03 4.598041459763217600e-04 1.738172286887026789e-03 -2.401643499349039295e-03
-2.680803639191025028e-03 -2.132020781612389056e-03 3.800544735300319388e-02 -3.300587062670062264e-05 1.090746310044436626e-04 -1.095729200216923483e-03 5.376594193425035702e-03 2.622851059128317803e-06 -8.932441566254003271e-05 1.498086582485959668e-05 -2.667430675149816133e-01 5.703213791416807121e-02 -2.862887622225217754e+00 6.014327804290753754e+00 1.039073012107674526e-01 -1.835550224238913786e-01 -2.175273002091203001e+00 -2.379527061806508748e+00 1.476316272337528268e+01 -4.983701295734674908e+00 -1.214536382268776293e+01 -9.423543017555962464e+00 -5.643391770264703788e-04 -3.731090742671083543e-04 1.883438514370848731e-03 -1.004909330602776502e-03 4.646381278437238535e-04 8.778926610811468509e-03
-6.176655539065195990e-04 2.166043359740050069e-04 1.290772684270420634e-02 -4.954087849969505440e-06 1.381137556182992139e-05 -1.655381709196668879e-04 1.337129409472761956e-03 -9.993125984589055835e-06 1.859286377401034827e-04 -1.043700091355722614e-05 2.591990024398343473e-01 8.083188380843869727e-04 -1.853663040672279549e-01 1.039073012107674387e-01 3.329612846461309950e+00 5.528281481600998415e-01 2.046387809947121661e-01 1.074063448749043304e-01 -6.637005018584276606e+00 -2.690594356076295157e-01 -6.521241325740557704e-01 -8.211542128721099898e-01 1.086267941256467381e-04 1.981748800004296939e-04 1.458665654947598591e-03 -2.470049407353833051e-04 -6.053095580443499345e-05 3.571433011954464481e-06
-1.168771807151562040e-03 -3.865549242672680261e-04 9.950273316677768140e-03 -1.029785578292879282e-05 4.077649356373146084e-05 -3.491699447577772497e-04 1.692630982074838641e-03 -8.973757858900091700e-06 -1.571400176336512969e-04 -3.824909589106459883e-05 4.825576204948615056e-01 1.029150689179291443e-02 1.648599370295459055e-01 -1.835550224238913786e-01 5.528281481600998415e-01 3.108961461339439847e+00 2.685243361981402010e+00 2.731183262802990619e+00 5.445420103552907065e+00 -1.322978726312145525e+00 -6.786617523552997966e-01 -1.188340198559521221e+00 8.989528037611581703e-04 -2.321966974827185921e-05 9.982194676000097702e-04 -1.321972090980529405e-04 -1.442618823162888171e-04 5.056087422813202760e-03
-9.919057842827769169e-04 -3.373697710691712557e-04 -4.749452983507511904e-03 -8.517546492462678897e-06 1.769613638356148567e-05 -2.273974742536146831e-04 7.004830860491151074e-04 -5.728715668071635665e-05 -2.611466190635879354e-06 3.799467707825376060e-04 -6.055555476357013411e+00 1.128275317115650794e-01 2.763347329046943468e+00 -2.175273002091203001e+00 2.046387809947121661e-01 2.685243361981402010e+00 1.089594354977791646e+01 1.947940030101930731e+01 -1.333946897613246563e+01 3.350322355736381041e+00 5.365017477013874547e+00 5.943875210960622546e+00 1.550379640293221822e-03 4.562463987506625300e-04 1.209456420650238629e-03 3.688996435163628706e-04 5.754452206300349161e-04 1.665131472483895661e-02
1.295512415199033540e-03 1.081427325260888358e-03 -7.705397922987801407e-02 2.069366774409112005e-05 -8.882250182301307305e-05 5.556601628737607322e-05 -6.493999730243438066e-03 6.987449524192848810e-04 7.637590535467916517e-05 8.658204696780725856e-04 -3.354747357787409356e+01 1.404943869258455935e-01 3.363901674701883504e+00 -2.379527061806508748e+00 1.074063448749043304e-01 2.731183262802990619e+00 1.947940030101930731e+01 5.398652416570269708e+01 -2.361616053701895979e+01 4.259291578139680290e+00 8.489292156763779573e+00 3.386568751347439132e+01 5.595139458675770601e-04 -5.875224411645442305e-05 2.940248636138126023e-03 2.930400071780477501e-03 1.082274253506153446e-04 2.970925876855312966e-02
-1.337745981746108967e-02 -2.197562902157099846e-02 2.079482095595917568e-01 -3.254120956714806872e-04 8.951846644665111506e-04 -9.893213056812445033e-03 4.522523628442512433e-02 4.113848475579290169e-03 3.944053869505505239e-03 7.458748511273951198e-04 3.419780573165239446e+01 -3.901796642019262906e-01 -3.197787490226693308e+01 1.476316272337527735e+01 -6.637005018584276606e+00 5.445420103552907065e+00 -1.333946897613246563e+01 -2.361616053701895979e+01 7.984388954550805693e+02 7.190665160840603676e+01 -5.475556282577400680e+01 -6.018427887516816099e+01 6.125499379088438986e-03 -6.483500563446042324e-04 1.693954306124138137e-02 -6.580006660540621121e-04 -3.276412000751843107e-02 8.385108087874248994e-02
-5.391320433046973074e-03 -5.639760444703214963e-03 1.482142460077554846e-01 -1.969886696326425676e-04 5.128604592032682576e-04 -3.887359419705870706e-03 2.859296390970958099e-02 5.367179011494190065e-04 1.753824990925396715e-04 8.973267500142796259e-05 1.456277562023134742e+00 9.429573884638511316e-01 -3.343273877624937107e+00 -4.983701295734674908e+00 -2.690594356076295157e-01 -1.322978726312145303e+00 3.350322355736381041e+00 4.259291578139681178e+00 7.190665160840603676e+01 6.207590579102627260e+01 4.099675510161257819e+01 1.552662346839767871e+01 9.895972518906533469e-04 -7.938694328428315622e-04 6.386471453039628716e-03 -1.125368174746443271e-04 -6.074781962862700613e-03 5.277818924735182618e-03
1.546010452651224235e-03 1.781320456637944553e-03 2.037569307573338651e-01 -5.557984950768518221e-05 2.184091295143628867e-04 -6.130857641835767450e-04 1.866135778608831591e-02 2.824994699879902239e-04 5.166358598507538469e-04 -3.805473569557987009e-04 -1.240927658375371934e+01 1.645843890392171494e+00 7.830951645283397156e+00 -1.214536382268776471e+01 -6.521241325740559924e-01 -6.786617523552999076e-01 5.365017477013875435e+00 8.489292156763779573e+00 -5.475556282577400680e+01 4.099675510161257819e+01 8.534520796147523924e+01 5.244831028042669629e+01 -4.692309452813855073e-04 -2.201211745130733383e-03 -1.640033393601206257e-03 2.553255001683302737e-03 2.662810834450163311e-03 -3.863739382247115273e-02
6.534224013716844436e-03 4.625792486648676316e-03 -5.126588697401093103e-02 2.606599679924876246e-05 -8.865611981421138457e-06 5.199348961520966483e-04 -4.599264315214582344e-03 1.194700234569947379e-03 4.343442019689659392e-04 -1.327249807285155571e-03 -5.411341376759423838e+01 5.709553371634368268e-01 5.430805705353420443e+00 -9.423543017555962464e+00 -8.211542128721102118e-01 -1.188340198559521221e+00 5.943875210960622546e+00 3.386568751347439132e+01 -6.018427887516816099e+01 1.552662346839767871e+01 5.244831028042669629e+01 1.024345289250260862e+02 -1.973726658063556638e-03 -2.319352970556662601e-03 -3.938524570361893670e-03 7.521701149330302892e-03 6.754623817037833620e-03 1.808571771450390034e-03
-5.560981341586227020e-06 -1.840768023259329473e-06 3.185143351906371753e-04 -9.123610132857659345e-08 4.007443892037705705e-07 -1.740554546439480270e-06 3.155110175671434544e-05 -1.544187826537663971e-06 4.553728767315946493e-08 -1.297024649753143878e-07 2.723775853151949589e-03 -1.190507898840492749e-04 1.849013022912778762e-04 -5.643391770264705957e-04 1.086267941256466296e-04 8.989528037611578450e-04 1.550379640293222039e-03 5.595139458675773853e-04 6.125499379088438986e-03 9.895972518906533469e-04 -4.692309452813863747e-04 -1.973726658063556638e-03 1.459105938018826713e-03 2.741752519752122712e-04 8.965041006726517546e-05 -3.770745609203001456e-04 -9.914733559366869023e-05 -1.636944242376008410e-04
-2.286950619807199790e-08 5.744217287429984543e-07 4.576500827666558717e-04 1.653118827914001346e-08 -1.747981436269329088e-07 2.083790189466010896e-07 2.278944139191975388e-05 1.552711088454743893e-07 -2.786329175434705211e-07 1.592004200572199188e-07 1.525729729364849740e-03 -6.341950453958343579e-05 -7.764003128450541768e-05 -3.731090742671092217e-04 1.981748800004296939e-04 -2.321966974827180500e-05 4.562463987506625300e-04 -5.875224411645442305e-05 -6.483500563446046661e-04 -7.938694328428312370e-04 -2.201211745130732516e-03 -2.319352970556662601e-03 2.741752519752122712e-04 8.793873221731814994e-04 3.933786249935538996e-05 7.356794394986568026e-04 5.377671983107382495e-05 -7.810173277945969741e-04
-5.077120727244723456e-06 -2.356073719718114365e-06 -4.042414300780260974e-04 -2.335037311356128613e-07 2.084741932615936286e-08 -6.042695154922055895e-07 -4.051468936359839984e-06 -1.149919754752342575e-06 1.964026309578287177e-07 -1.804784434560855013e-07 2.613210862382098925e-04 1.215096592504486835e-04 -1.635817937330978807e-03 1.883438514370849382e-03 1.458665654947598591e-03 9.982194676000099871e-04 1.209456420650239063e-03 2.940248636138126457e-03 1.693954306124138137e-02 6.386471453039626982e-03 -1.640033393601202788e-03 -3.938524570361894538e-03 8.965041006726517546e-05 3.933786249935539674e-05 7.070480036824701789e-03 -2.813302878835645263e-04 6.012210959586232993e-04 4.352197390700864379e-03
-7.577011725258230396e-06 -1.963621037795202637e-07 6.568359992898278963e-04 -1.444126952191322570e-07 6.049726350309354164e-07 -7.085119349752247346e-06 5.988617837359795821e-05 2.517942861042050536e-06 4.195097806321530219e-08 2.380119472173817352e-07 -3.054445446894830853e-03 -4.947380248768571038e-05 4.598041459763218142e-04 -1.004909330602776069e-03 -2.470049407353833051e-04 -1.321972090980527779e-04 3.688996435163627080e-04 2.930400071780477501e-03 -6.580006660540621121e-04 -1.125368174746437986e-04 2.553255001683306206e-03 7.521701149330302892e-03 -3.770745609203001456e-04 7.356794394986568026e-04 -2.813302878835645263e-04 2.916313529983012576e-03 5.262026548729434447e-04 -1.069912636382673024e-03
-2.706288152687164329e-05 -3.412125534948054326e-07 1.148048422652109529e-03 -3.417200783455246813e-07 2.021867823845601385e-06 -1.600128991956173782e-05 1.231794894693595283e-04 1.106976520070373938e-06 8.035716369513113260e-08 -1.651089391763250653e-07 -3.697884783203794160e-03 6.223953672211941064e-05 1.738172286887026356e-03 4.646381278437233656e-04 -6.053095580443521029e-05 -1.442618823162888171e-04 5.754452206300346992e-04 1.082274253506146399e-04 -3.276412000751843107e-02 -6.074781962862700613e-03 2.662810834450163745e-03 6.754623817037835355e-03 -9.914733559366869023e-05 5.377671983107383172e-05 6.012210959586232993e-04 5.262026548729434447e-04 6.467212644510252420e-03 8.089055331015381281e-03
-1.390377253184406749e-04 -2.024536932928186226e-05 2.623697489271726354e-03 -2.019067733935885455e-06 8.726694949002314960e-06 -7.402585805010061370e-05 4.129219236247499915e-04 -3.802933955794452928e-07 1.125307769864710700e-06 -4.458253829665458479e-07 -3.140343422346900809e-03 -1.195629634410736103e-03 -2.401643499349039295e-03 8.778926610811465039e-03 3.571433011955343701e-06 5.056087422813203627e-03 1.665131472483896008e-02 2.970925876855311926e-02 8.385108087874248994e-02 5.277818924735171342e-03 -3.863739382247115273e-02 1.808571771450372687e-03 -1.636944242376008681e-04 -7.810173277945969741e-04 4.352197390700864379e-03 -1.069912636382673024e-03 8.089055331015381281e-03 7.260702772429811214e-02
