# logA n_s H0 omega_b omega_cdm tau_reio one_over_alpha8 A_planck calib_100T calib_217T A_cib_217 xi_sz_cib A_sz ksz_norm gal545_A_100 gal545_A_143 gal545_A_143_217 gal545_A_217 ps_A_100_100 ps_A_143_143 ps_A_143_217 ps_A_217_217 galf_TE_A_100 galf_TE_A_100_143 galf_TE_A_100_217 galf_TE_A_143 galf_TE_A_143_217 galf_TE_A_217
2.236438037652146364e-04 1.107802770248404246e-05 -4.621116188413812963e-03 3.998897159169216767e-07 -4.168691528926993042e-06 1.058924104589647856e-04 -3.553726434722949369e-04 1.058520751119732197e-05 9.239359068102049329e-08 -3.125418999207669912e-08 -3.570961572575391714e-03 8.962226160168885536e-05 7.662722929013446966e-04 -2.301032935716810189e-03 -4.977399020700870027e-04 -7.918779540184500351e-04 -7.555669418205086764e-04 2.156009784874617086e-03 -1.668512951297790314e-02 -8.052721829619189850e-03 -6.521987784489071066e-04 5.062959597266679379e-03 1.085485201410220620e-05 1.254209859742370245e-06 -8.271346032664297043e-07 -1.268120971959974170e-05 -7.804146336646832378e-06 -3.045174807878108411e-05
1.107802770248404246e-05 1.300450386578343486e-05 5.601790916127408898e-04 1.356847611272898286e-07 -1.812221201981096584e-06 7.921135821046552597e-06 -9.416054505476566117e-06 4.659264962845735154e-07 -6.188541587213207986e-08 -7.427732575496771698e-08 -3.794863055856483817e-03 8.614793709557934365e-05 8.893335655459184367e-04 -2.138619605237573624e-03 2.219029098983720926e-04 -2.953347744646427683e-04 -3.852200108608872507e-04 8.762544647758159543e-04 -2.059354207386369234e-02 -6.084912640127586834e-03 1.513156127747702483e-03 4.523843043237242394e-03 3.489958410013278460e-07 8.214824348490348133e-07 9.817856885382488142e-07 -1.692789455511107397e-06 -1.099114395142834750e-06 -1.230251794218725233e-05
-4.621116188413812963e-03 5.601790916127408898e-04 1.873586519801508921e+00 2.553274685902905765e-05 4.543018696117795445e-05 -2.208962225113273153e-03 1.052840000879748522e-01 -3.698907743998053462e-04 -3.650066434416425645e-07 -2.970392273694634566e-06 3.033967264911197406e-02 -1.299694899365839073e-03 -4.370895849879929962e-02 5.676392156033407965e-02 5.212138967736328760e-02 2.440438663943044970e-02 7.138775832847440300e-03 -4.182277745816910530e-02 6.447793751753858604e-01 3.476461276552718638e-01 9.537694201901449065e-02 4.648652478377920255e-03 -3.609837542034235601e-04 -4.002386984574233804e-04 7.378772153290107626e-04 6.784604553749099595e-04 -2.433885775369452507e-04 -7.610906674152123630e-03
3.998897159169216767e-07 1.356847611272898286e-07 2.553274685902905765e-05 1.774933308986785239e-08 -4.752048664643286811e-08 1.984108310005213336e-07 -2.524872489497544618e-07 1.840808775573417728e-08 2.906301324463129789e-09 -1.584576486116521234e-09 -6.825733885866387359e-05 1.833201712936986305e-06 1.450017374694352095e-05 -3.131956611396576680e-05 -3.443211995117889109e-06 -6.569166830861117294e-06 -1.187540188097370237e-05 6.359314482705363357e-06 -2.718390885345703650e-04 -1.870528508175887700e-04 -5.324588654882275984e-05 8.352006843085686043e-06 -4.623139000400497602e-09 -4.283091730465980282e-08 -6.754309190246571876e-08 -2.636217405003692416e-07 -4.714593201337592436e-07 -2.329803040392528336e-06
-4.168691528926993042e-06 -1.812221201981096584e-06 4.543018696117795445e-05 -4.752048664643286811e-08 8.310799225937247627e-07 -2.839735599109084886e-06 2.019850725712958947e-05 -2.613917461872523766e-07 -8.335674397165736539e-09 4.818681014412201966e-09 1.128161028870243383e-04 -1.328627655485183989e-06 -5.698589803068740791e-05 8.576441656823014729e-05 3.740757405888830003e-06 1.010371030124571782e-05 1.349907362087373109e-05 -4.220381604761025944e-05 7.567248770978732405e-04 6.537670972416875521e-04 2.959861252173145258e-04 9.076712345599058178e-05 -1.913073003428496450e-07 5.458190831949742876e-08 -5.486545154747602722e-07 8.068378540142020308e-07 1.560941303595564286e-06 7.235201993812178090e-06
1.058924104589647856e-04 7.921135821046552597e-06 -2.208962225113273153e-03 1.984108310005213336e-07 -2.839735599109084886e-06 5.747431702757557038e-05 -1.853313111164709695e-04 -4.847141547208599630e-07 -2.344292858401756754e-08 -2.092782669366818044e-08 -1.682632449529307753e-03 2.654731836145604501e-05 4.384489229488541437e-04 -8.375113003270453355e-04 -1.741973173394541793e-04 -1.361153755696984627e-04 -1.596228356942847395e-04 3.379655234491789882e-04 -9.859066112848712676e-03 -5.046520895632618936e-03 -1.770382121699364160e-03 -4.417280345390292530e-04 5.426784034536882273e-06 1.694106953560060864e-06 -1.011074869157287395e-06 -5.833399872067869662e-06 -5.111160193170319051e-06 -3.289821329282544113e-05
-3.553726434722949369e-04 -9.416054505476566117e-06 1.052840000879748522e-01 -2.524872489497544088e-07 2.019850725712958947e-05 -1.853313111164709695e-04 6.473945227134559471e-03 -2.718252779805866427e-05 -1.866641416510097157e-07 5.530290289455484815e-08 7.967913660859285777e-03 -2.079279832263754833e-04 -4.100697200249529134e-03 6.121909408401617243e-03 3.332605354086260949e-03 2.063718804022046400e-03 1.785032691713758302e-03 -3.291362021892812583e-03 6.456802482562749856e-02 4.055685111917369662e-02 1.230075223768868457e-02 -3.184475115117386414e-04 -2.620932533944532128e-05 -1.955409940746327850e-05 4.387728164514405598e-05 6.982235920158817515e-05 3.683665088576807810e-05 -1.377321689577732571e-04
1.058520751119732197e-05 4.659264962845735154e-07 -3.698907743998053462e-04 1.840808775573417728e-08 -2.613917461872523766e-07 -4.847141547208599630e-07 -2.718252779805866427e-05 6.103310278105740932e-06 3.950034499240814507e-09 9.818676550147812614e-09 6.639387818009318118e-04 -3.054802667474847515e-06 2.866151036744709783e-05 -5.541478118039882547e-05 6.200127710431881177e-05 1.245083287303598831e-05 3.488528811526897843e-06 7.631655013967682906e-04 2.574893094082948870e-03 1.454196316451759809e-04 2.145370676754478425e-04 1.207425706222777558e-03 2.139776627142277137e-07 -8.628540063041223625e-07 1.054170710545602142e-06 -1.259634499536952475e-06 3.412779768348753372e-07 1.502369398803605104e-05
9.239359068102049329e-08 -6.188541587213207986e-08 -3.650066434416425645e-07 2.906301324463129789e-09 -8.335674397165736539e-09 -2.344292858401756423e-08 -1.866641416510097157e-07 3.950034499240814507e-09 3.760500711338579684e-07 -3.082004754361712794e-09 -2.271078295507425167e-04 5.688198341757030440e-06 9.723257037860725367e-05 -7.528250735495904526e-05 1.747966582644737844e-04 -1.768779316761207000e-04 -2.428361121698911163e-05 7.565248149999014785e-05 3.898819054431673994e-03 1.082483192951360371e-04 4.507983798374517233e-04 5.112043803355239462e-04 -1.463945954160119684e-07 -1.145758317879309235e-09 6.524444503182176854e-08 1.315060708706331668e-07 -4.388259525653909977e-07 -1.534751828013479962e-06
-3.125418999207669912e-08 -7.427732575496771698e-08 -2.970392273694634566e-06 -1.584576486116521234e-09 4.818681014412201966e-09 -2.092782669366818044e-08 5.530290289455482829e-08 9.818676550147812614e-09 -3.082004754361712794e-09 3.890072384935474639e-07 6.915906665088992437e-04 -2.013577939291183454e-06 -3.285190140886092567e-05 1.690152336842129719e-05 -6.667203124272986214e-06 -3.169521848788390010e-05 4.228942762455730679e-04 9.718877167648496762e-04 3.450120785877926958e-04 6.358542836255545077e-05 -4.125567667769001242e-04 -1.361530515265756396e-03 8.988856672558952471e-09 -7.227048862180502344e-09 -8.767119532312484226e-08 2.270171366661440231e-07 -4.665769945898265631e-07 -2.229417729239705277e-06
-3.570961572575392148e-03 -3.794863055856483817e-03 3.033967264911196018e-02 -6.825733885866388715e-05 1.128161028870243248e-04 -1.682632449529307536e-03 7.967913660859285777e-03 6.639387818009317033e-04 -2.271078295507425709e-04 6.915906665088992437e-04 4.428646524908216975e+01 -3.915813698630666861e-01 -7.728060455815968233e-01 -2.354891416847832153e-01 3.023076666588713768e-01 6.139535947124435955e-01 -5.902531646206232274e+00 -3.331250293104547211e+01 3.358740297363183913e+01 1.610920796059058357e+00 -1.302342110106981288e+01 -5.457429732436365555e+01 -1.704411683131224625e-03 -1.401803866551796542e-03 -4.457000055135240365e-04 -1.631333961844806874e-04 -5.017047767339271290e-03 -6.241348179954300020e-04
8.962226160168886892e-05 8.614793709557934365e-05 -1.299694899365839941e-03 1.833201712936985881e-06 -1.328627655485183778e-06 2.654731836145604501e-05 -2.079279832263754020e-04 -3.054802667474844974e-06 5.688198341757031287e-06 -2.013577939291183454e-06 -3.915813698630666861e-01 8.154975372823318469e-02 -4.548197602478285667e-02 4.375128273078607993e-02 -5.567492885967793327e-03 1.349995911234279020e-02 1.125963458019336449e-01 1.493643464576937252e-01 -4.753723166456310101e-01 9.155833475122988618e-01 1.699286536855370233e+00 6.327996174211721891e-01 2.096525822020586490e-05 -2.160417187826382411e-05 -1.678084402942817501e-04 1.279139722503148806e-05 3.305102952775141418e-04 -1.581375708321634734e-04
7.662722929013448050e-04 8.893335655459184367e-04 -4.370895849879929962e-02 1.450017374694352095e-05 -5.698589803068739436e-05 4.384489229488541437e-04 -4.100697200249528267e-03 2.866151036744708428e-05 9.723257037860725367e-05 -3.285190140886092567e-05 -7.728060455815968233e-01 -4.548197602478287055e-02 3.927376017322283808e+00 -2.734064378795463490e+00 -2.219674844909248768e-01 1.340325147836519404e-01 2.688617438297272955e+00 3.362651066078805595e+00 -3.135612641736701178e+01 -3.452340923070214451e+00 7.519726037907712879e+00 5.163898444264003018e+00 -2.035307090923032917e-04 1.646660651341502420e-04 8.617374440834089412e-04 3.068265029565161225e-04 4.368498404044858345e-05 -5.512116419231000673e-03
-2.301032935716810189e-03 -2.138619605237574058e-03 5.676392156033407271e-02 -3.131956611396577358e-05 8.576441656823014729e-05 -8.375113003270453355e-04 6.121909408401618111e-03 -5.541478118039881869e-05 -7.528250735495905881e-05 1.690152336842129380e-05 -2.354891416847831875e-01 4.375128273078607299e-02 -2.734064378795463490e+00 5.873610564228298969e+00 1.187958281003635153e-01 -1.963018742095389291e-01 -2.075652350622801734e+00 -2.290360553851602088e+00 1.367367346296244435e+01 -4.932185050800443449e+00 -1.178141924241465510e+01 -9.114547744558825215e+00 1.090258607531917985e-03 2.977173903695498592e-04 -9.971039800864853284e-04 -3.806018409167243261e-04 1.352722875100888017e-03 5.069029480147516434e-03
-4.977399020700868943e-04 2.219029098983721197e-04 5.212138967736330147e-02 -3.443211995117887839e-06 3.740757405888832121e-06 -1.741973173394541793e-04 3.332605354086261382e-03 6.200127710431881177e-05 1.747966582644737844e-04 -6.667203124272987061e-06 3.023076666588713768e-01 -5.567492885967792460e-03 -2.219674844909248768e-01 1.187958281003635153e-01 3.334932220335517616e+00 5.145035169781708717e-01 8.914686704108273907e-02 -5.043172880262109664e-02 -5.835281463418724002e+00 -2.489464044386254793e-01 -7.696232925839658900e-01 -7.010041900224899258e-01 -5.677596936718298662e-04 4.942307082148797697e-04 7.035378037190880918e-04 7.449021054638532582e-05 -3.099358924408333166e-04 -5.112410261685940453e-04
-7.918779540184499267e-04 -2.953347744646427683e-04 2.440438663943044623e-02 -6.569166830861115600e-06 1.010371030124571782e-05 -1.361153755696984627e-04 2.063718804022045966e-03 1.245083287303599001e-05 -1.768779316761207000e-04 -3.169521848788390688e-05 6.139535947124435955e-01 1.349995911234279193e-02 1.340325147836519404e-01 -1.963018742095389291e-01 5.145035169781708717e-01 3.158422674380537476e+00 2.673754905102391888e+00 2.657976668468382098e+00 5.851086668668597390e+00 -1.190211157494250882e+00 -6.151155455697618901e-01 -1.368340735012568699e+00 2.219808645765115245e-04 -5.556340704469799009e-04 -1.002529963231799928e-03 -2.170320177289524868e-05 -4.321106075265822993e-04 -2.423403677678454774e-03
-7.555669418205086764e-04 -3.852200108608873049e-04 7.138775832847437698e-03 -1.187540188097370406e-05 1.349907362087373109e-05 -1.596228356942847666e-04 1.785032691713758085e-03 3.488528811526885985e-06 -2.428361121698910824e-05 4.228942762455730679e-04 -5.902531646206232274e+00 1.125963458019336449e-01 2.688617438297272955e+00 -2.075652350622802178e+00 8.914686704108273907e-02 2.673754905102392776e+00 1.087193550607757686e+01 1.950616023136705479e+01 -1.274844072234574455e+01 3.383835377264193589e+00 5.022570177664802848e+00 5.478092302223735111e+00 6.223571360055326056e-04 -1.682014191262543306e-04 -2.540086986462940840e-03 2.348622116873066968e-04 -6.067199002378218181e-04 3.077861394746914288e-03
2.156009784874617086e-03 8.762544647758159543e-04 -4.182277745816911224e-02 6.359314482705363357e-06 -4.220381604761026622e-05 3.379655234491790966e-04 -3.291362021892812149e-03 7.631655013967682906e-04 7.565248149999013430e-05 9.718877167648496762e-04 -3.331250293104547211e+01 1.493643464576937252e-01 3.362651066078805151e+00 -2.290360553851602088e+00 -5.043172880262112440e-02 2.657976668468382098e+00 1.950616023136705479e+01 5.402629922635841098e+01 -2.454175616938929849e+01 4.127809903858994822e+00 8.376046713355899342e+00 3.328648430395868019e+01 1.636763578526761716e-03 -1.083663813799264314e-04 -2.110800518783715989e-03 4.017382099525419054e-04 5.057026204399428211e-04 9.062055498110980697e-03
-1.668512951297790314e-02 -2.059354207386369234e-02 6.447793751753858604e-01 -2.718390885345703108e-04 7.567248770978732405e-04 -9.859066112848712676e-03 6.456802482562751244e-02 2.574893094082948870e-03 3.898819054431673994e-03 3.450120785877927500e-04 3.358740297363183913e+01 -4.753723166456310101e-01 -3.135612641736701178e+01 1.367367346296244435e+01 -5.835281463418724002e+00 5.851086668668597390e+00 -1.274844072234574455e+01 -2.454175616938929849e+01 7.832129488731068250e+02 7.122301266312614132e+01 -5.336808869162008762e+01 -5.730494969067563460e+01 -2.437671638026253933e-04 -6.135425260160174560e-03 5.508403934868227360e-03 2.959940866497901522e-03 -2.690144795324132462e-02 8.120055074143012197e-03
-8.052721829619191585e-03 -6.084912640127586834e-03 3.476461276552718638e-01 -1.870528508175887700e-04 6.537670972416875521e-04 -5.046520895632618936e-03 4.055685111917369662e-02 1.454196316451760351e-04 1.082483192951360371e-04 6.358542836255545077e-05 1.610920796059058135e+00 9.155833475122988618e-01 -3.452340923070214451e+00 -4.932185050800442561e+00 -2.489464044386255348e-01 -1.190211157494250882e+00 3.383835377264193589e+00 4.127809903858994822e+00 7.122301266312614132e+01 6.156176245651759160e+01 4.010013001578312952e+01 1.491421161216552527e+01 -2.266197547822360568e-03 -5.646561099029678800e-04 1.321288394847789391e-04 4.724224569368012765e-03 4.413038103206438391e-03 3.395388615645791169e-02
-6.521987784489069982e-04 1.513156127747702483e-03 9.537694201901447677e-02 -5.324588654882274628e-05 2.959861252173145258e-04 -1.770382121699364160e-03 1.230075223768868631e-02 2.145370676754478425e-04 4.507983798374517233e-04 -4.125567667769000700e-04 -1.302342110106981288e+01 1.699286536855370233e+00 7.519726037907712879e+00 -1.178141924241465688e+01 -7.696232925839658900e-01 -6.151155455697618901e-01 5.022570177664802848e+00 8.376046713355899342e+00 -5.336808869162008762e+01 4.010013001578312952e+01 8.485847180916547927e+01 5.222704083611910875e+01 -2.213870250982463705e-03 3.347387771745710693e-04 1.593814571447818140e-03 5.433026055689286170e-03 9.997063072976208886e-03 1.527493339357573069e-03
5.062959597266679379e-03 4.523843043237242394e-03 4.648652478377906377e-03 8.352006843085686043e-06 9.076712345599056823e-05 -4.417280345390291988e-04 -3.184475115117382620e-04 1.207425706222777558e-03 5.112043803355239462e-04 -1.361530515265756396e-03 -5.457429732436365555e+01 6.327996174211721891e-01 5.163898444264003018e+00 -9.114547744558825215e+00 -7.010041900224898148e-01 -1.368340735012568476e+00 5.478092302223735999e+00 3.328648430395868019e+01 -5.730494969067562749e+01 1.491421161216552349e+01 5.222704083611910875e+01 1.023029580052809706e+02 -4.298949991218334451e-04 2.460428485554620130e-03 2.878097514336631912e-03 3.977739212291090190e-03 9.683891039189521446e-03 9.979891582552545548e-03
1.085485201410220451e-05 3.489958410013278460e-07 -3.609837542034236143e-04 -4.623139000400494293e-09 -1.913073003428494862e-07 5.426784034536882273e-06 -2.620932533944531789e-05 2.139776627142277137e-07 -1.463945954160119420e-07 8.988856672559013682e-09 -1.704411683131225059e-03 2.096525822020585473e-05 -2.035307090923032917e-04 1.090258607531917551e-03 -5.677596936718299746e-04 2.219808645765115245e-04 6.223571360055323888e-04 1.636763578526761716e-03 -2.437671638026235501e-04 -2.266197547822361002e-03 -2.213870250982463705e-03 -4.298949991218323609e-04 1.481773906951269759e-03 2.819553885025093175e-04 1.213699189490728659e-04 -3.818761551226113851e-04 -8.101677219969608446e-05 -3.574637023091274690e-05
1.254209859742370245e-06 8.214824348490349192e-07 -4.002386984574233262e-04 -4.283091730465980282e-08 5.458190831949740891e-08 1.694106953560060652e-06 -1.955409940746328867e-05 -8.628540063041222567e-07 -1.145758317879321643e-09 -7.227048862180520542e-09 -1.401803866551796758e-03 -2.160417187826383089e-05 1.646660651341501878e-04 2.977173903695498592e-04 4.942307082148797697e-04 -5.556340704469797925e-04 -1.682014191262542222e-04 -1.083663813799265398e-04 -6.135425260160174560e-03 -5.646561099029678800e-04 3.347387771745707441e-04 2.460428485554620130e-03 2.819553885025093175e-04 8.778102725526805384e-04 3.937963150296992895e-05 7.405276939562666300e-04 5.777385882653629257e-05 -7.560658272613012291e-04
-8.271346032664297043e-07 9.817856885382488142e-07 7.378772153290111963e-04 -6.754309190246571876e-08 -5.486545154747604840e-07 -1.011074869157288454e-06 4.387728164514404243e-05 1.054170710545602142e-06 6.524444503182175531e-08 -8.767119532312474962e-08 -4.457000055135208923e-04 -1.678084402942816688e-04 8.617374440834091581e-04 -9.971039800864851116e-04 7.035378037190885255e-04 -1.002529963231800145e-03 -2.540086986462941274e-03 -2.110800518783715121e-03 5.508403934868228227e-03 1.321288394847789391e-04 1.593814571447820525e-03 2.878097514336632346e-03 1.213699189490728930e-04 3.937963150296992895e-05 7.233349734530171091e-03 -2.590200411494473446e-04 6.372798147553433061e-04 4.534662989276233049e-03
-1.268120971959974170e-05 -1.692789455511107821e-06 6.784604553749096342e-04 -2.636217405003692416e-07 8.068378540142020308e-07 -5.833399872067868815e-06 6.982235920158814805e-05 -1.259634499536952051e-06 1.315060708706331403e-07 2.270171366661439172e-07 -1.631333961844809856e-04 1.279139722503149653e-05 3.068265029565165562e-04 -3.806018409167243261e-04 7.449021054638540714e-05 -2.170320177289529950e-05 2.348622116873071305e-04 4.017382099525420680e-04 2.959940866497899354e-03 4.724224569368011897e-03 5.433026055689286170e-03 3.977739212291090190e-03 -3.818761551226114936e-04 7.405276939562666300e-04 -2.590200411494473446e-04 2.907333589296848958e-03 5.335930406607289735e-04 -9.840329582471503845e-04
-7.804146336646830684e-06 -1.099114395142834962e-06 -2.433885775369452507e-04 -4.714593201337592436e-07 1.560941303595564074e-06 -5.111160193170319898e-06 3.683665088576805778e-05 3.412779768348754431e-07 -4.388259525653909977e-07 -4.665769945898265631e-07 -5.017047767339272157e-03 3.305102952775141960e-04 4.368498404044871220e-05 1.352722875100888884e-03 -3.099358924408329372e-04 -4.321106075265822451e-04 -6.067199002378222518e-04 5.057026204399432548e-04 -2.690144795324132462e-02 4.413038103206439258e-03 9.997063072976207151e-03 9.683891039189519712e-03 -8.101677219969608446e-05 5.777385882653629257e-05 6.372798147553433061e-04 5.335930406607288651e-04 6.500798562488758169e-03 7.975366921119988670e-03
-3.045174807878108411e-05 -1.230251794218725402e-05 -7.610906674152123630e-03 -2.329803040392528336e-06 7.235201993812178090e-06 -3.289821329282544791e-05 -1.377321689577732571e-04 1.502369398803605443e-05 -1.534751828013480174e-06 -2.229417729239704853e-06 -6.241348179954296768e-04 -1.581375708321632566e-04 -5.512116419231001541e-03 5.069029480147517301e-03 -5.112410261685939369e-04 -2.423403677678455641e-03 3.077861394746914288e-03 9.062055498110982432e-03 8.120055074143019136e-03 3.395388615645791169e-02 1.527493339357572418e-03 9.979891582552543813e-03 -3.574637023091274690e-05 -7.560658272613012291e-04 4.534662989276233049e-03 -9.840329582471503845e-04 7.975366921119988670e-03 7.171067796100663583e-02
