#          omega_b        omega_cdm               H0     logA              n_s         tau_reio  one_over_alpha8        A_cib_217        xi_sz_cib             A_sz     ps_A_100_100     ps_A_143_143     ps_A_143_217     ps_A_217_217         ksz_norm     gal545_A_100     gal545_A_143   gal545_A_143_217     gal545_A_217    galf_TE_A_100   galf_TE_A_100_143   galf_TE_A_100_217    galf_TE_A_143   galf_TE_A_143_217    galf_TE_A_217       calib_100T       calib_217T         A_planck
 1.727536e-08	-4.856840e-08	 2.011239e-05	 4.045933e-07	 1.257332e-07	 2.020685e-07	-8.193047e-07	-7.243028e-05	 1.671012e-06	 1.509966e-05	-2.752178e-04	-1.674062e-04	-4.937787e-05	 1.638588e-05	-3.182825e-05	-4.313737e-06	-1.303613e-05	-1.262636e-05	 8.730481e-06	-7.378249e-08	 4.651750e-09	-2.048518e-07	-2.054510e-07	-5.075355e-07	-1.956232e-06	 4.024257e-09	-1.846921e-09	 1.896422e-08
-4.856840e-08	 9.473044e-07	-4.756895e-05	-3.877036e-06	-2.022133e-06	-2.729183e-06	 2.372811e-05	 9.759265e-05	-9.118170e-06	-1.364844e-06	 5.595829e-04	 5.270026e-04	 2.354376e-04	 9.787901e-05	 6.312443e-05	 1.867231e-06	 5.530096e-05	 1.134579e-04	 1.172223e-04	 9.603729e-07	-2.860930e-07	-9.317611e-08	 1.953809e-07	 1.217617e-06	 9.214385e-06	-9.524784e-09	 7.279758e-09	-3.632918e-07
 2.011239e-05	-4.756895e-05	 1.123517e+00	-1.192303e-03	 7.936772e-04	-5.296435e-04	 7.747841e-02	 4.198627e-02	 2.196841e-03	-2.891255e-02	 1.703226e-01	 2.516522e-01	 9.113873e-02	-4.352514e-02	 2.046251e-02	 5.014549e-02	 2.916244e-02	-4.218482e-03	-1.167880e-01	-2.286623e-04	-2.463385e-05	 1.475879e-03	 5.528392e-04	-1.500790e-04	-8.027764e-04	 3.445440e-06	-1.222176e-05	-1.810805e-04
 4.045933e-07	-3.877036e-06	-1.192303e-03	 2.019681e-04	 9.417410e-06	 9.527058e-05	-2.057268e-04	-1.864115e-03	 1.124784e-04	 3.663616e-04	-8.487385e-03	-5.564158e-03	-3.014313e-04	 2.753490e-03	-1.690491e-03	-1.025467e-04	-4.509631e-04	-1.142219e-03	 5.707603e-04	 1.256792e-06	-4.496189e-06	-2.965746e-05	-1.591565e-05	-2.811297e-05	-4.800314e-05	 3.828932e-08	-1.577036e-07	 9.645676e-06
 1.257332e-07	-2.022133e-06	 7.936772e-04	 9.417410e-06	 1.356984e-05	 7.046418e-06	-2.664901e-06	-3.936016e-03	 9.248555e-05	 8.575265e-04	-2.106064e-02	-5.356687e-03	 1.986385e-03	 4.955182e-03	-2.155132e-03	 2.125285e-04	-5.494180e-04	-5.280838e-04	 7.268532e-04	-2.717652e-06	 2.952951e-07	-1.560240e-06	 1.024637e-06	 4.932927e-07	-2.170605e-05	-4.252515e-08	-1.038520e-07	 7.542570e-07
 2.020685e-07	-2.729183e-06	-5.296435e-04	 9.527058e-05	 7.046418e-06	 5.232858e-05	-1.193501e-04	-9.121021e-04	 5.806497e-05	 1.865384e-04	-5.811971e-03	-3.666797e-03	-1.270046e-03	-1.494408e-03	-5.587854e-04	 1.229073e-04	-5.560962e-05	-4.554132e-04	-6.315627e-04	-9.175763e-07	-1.267474e-06	-1.257343e-05	-5.801454e-06	-9.157356e-06	-2.953735e-05	-1.960915e-08	-6.288487e-08	-9.969120e-07
-8.193047e-07	 2.372811e-05	 7.747841e-02	-2.057268e-04	-2.664901e-06	-1.193501e-04	 6.455867e-03	 9.197405e-03	-1.114375e-04	-3.182724e-03	 3.458798e-02	 4.409522e-02	 1.728926e-02	 1.225117e-04	 4.701615e-03	 4.292895e-03	 4.304197e-03	 3.915169e-03	-4.246298e-03	 1.633080e-05	-1.277575e-05	 1.085166e-04	 6.963987e-05	 4.684265e-05	 1.974158e-04	-3.604787e-07	-6.078737e-07	-2.257958e-05
-7.243028e-05	 9.759265e-05	 4.198627e-02	-1.864115e-03	-3.936016e-03	-9.121021e-04	 9.197405e-03	 4.457496e+01	-4.020742e-01	-6.992106e-01	 3.502633e+01	 1.459601e+00	-1.274828e+01	-5.426808e+01	-3.293006e-01	 7.680755e-02	 7.681645e-01	-5.718637e+00	-3.336806e+01	-1.627471e-03	-1.079711e-03	 4.774072e-03	-7.480552e-04	-5.415294e-03	 1.484370e-02	-2.500627e-04	 7.336861e-04	 6.543725e-04
 1.671012e-06	-9.118170e-06	 2.196841e-03	 1.124784e-04	 9.248555e-05	 5.806497e-05	-1.114375e-04	-4.020742e-01	 8.164334e-02	-4.778256e-02	-5.804823e-01	 9.046581e-01	 1.657522e+00	 6.227892e-01	 5.706906e-02	-3.555510e-03	 8.974264e-03	 1.075803e-01	 1.417800e-01	 1.091369e-04	 1.004519e-05	 2.020515e-04	-3.024726e-04	-8.624962e-05	-1.045676e-04	 2.463669e-06	-2.343714e-06	-1.265568e-05
 1.509966e-05	-1.364844e-06	-2.891255e-02	 3.663616e-04	 8.575265e-04	 1.865384e-04	-3.182724e-03	-6.992106e-01	-4.778256e-02	 3.949023e+00	-3.074439e+01	-3.007709e+00	 8.121968e+00	 5.411191e+00	-2.934334e+00	-2.313237e-01	 1.672656e-01	 2.744383e+00	 3.365429e+00	-4.475809e-04	-7.738895e-05	 2.500743e-03	 1.769330e-03	 4.631961e-04	-1.677713e-04	 1.082649e-04	-3.738675e-05	 1.210956e-06
-2.752178e-04	 5.595829e-04	 1.703226e-01	-8.487385e-03	-2.106064e-02	-5.811971e-03	 3.458798e-02	 3.502633e+01	-5.804823e-01	-3.074439e+01	 7.885853e+02	 6.406411e+01	-6.069187e+01	-6.108298e+01	 1.506934e+01	-5.700400e+00	 6.147984e+00	-1.268154e+01	-2.490260e+01	 1.845216e-03	-3.052436e-03	-4.729914e-03	-1.312732e-02	 2.116474e-03	 5.530085e-03	 3.850999e-03	 6.125711e-04	 3.284903e-03
-1.674062e-04	 5.270026e-04	 2.516522e-01	-5.564158e-03	-5.356687e-03	-3.666797e-03	 4.409522e-02	 1.459601e+00	 9.046581e-01	-3.007709e+00	 6.406411e+01	 5.925464e+01	 3.947809e+01	 1.502769e+01	-4.955019e+00	-2.357896e-01	-1.196687e+00	 3.414671e+00	 4.088162e+00	 2.743580e-04	-3.383942e-03	 1.282368e-02	-6.447417e-03	 6.442876e-03	 2.633194e-02	 5.764232e-05	 1.106789e-04	 2.392431e-04
-4.937787e-05	 2.354376e-04	 9.113873e-02	-3.014313e-04	 1.986385e-03	-1.270046e-03	 1.728926e-02	-1.274828e+01	 1.657522e+00	 8.121968e+00	-6.069187e+01	 3.947809e+01	 8.558418e+01	 5.282355e+01	-1.230719e+01	-6.969180e-01	-6.947302e-01	 5.275000e+00	 8.177690e+00	 1.961607e-03	-1.119254e-03	 1.852348e-02	-5.587512e-04	 1.020060e-02	 1.264360e-02	 4.251963e-04	-3.873234e-04	 3.473147e-05
 1.638588e-05	 9.787901e-05	-4.352514e-02	 2.753490e-03	 4.955182e-03	-1.494408e-03	 1.225117e-04	-5.426808e+01	 6.227892e-01	 5.411191e+00	-6.108298e+01	 1.502769e+01	 5.282355e+01	 1.020215e+02	-9.362048e+00	-4.591110e-01	-1.473101e+00	 5.364697e+00	 3.288101e+01	 2.541300e-03	 1.487258e-03	 4.491264e-03	 5.067669e-03	 1.572053e-02	-1.570181e-02	 5.730906e-04	-1.366307e-03	 1.289251e-03
-3.182825e-05	 6.312443e-05	 2.046251e-02	-1.690491e-03	-2.155132e-03	-5.587854e-04	 4.701615e-03	-3.293006e-01	 5.706906e-02	-2.934334e+00	 1.506934e+01	-4.955019e+00	-1.230719e+01	-9.362048e+00	 6.105158e+00	 1.205393e-01	-1.795937e-01	-2.244650e+00	-2.449229e+00	 1.273129e-03	-1.612193e-04	-3.568808e-03	-1.945357e-03	-1.777917e-03	 1.739479e-04	-8.763372e-05	 1.404290e-06	 9.976276e-07
-4.313737e-06	 1.867231e-06	 5.014549e-02	-1.025467e-04	 2.125285e-04	 1.229073e-04	 4.292895e-03	 7.680755e-02	-3.555510e-03	-2.313237e-01	-5.700400e+00	-2.357896e-01	-6.969180e-01	-4.591110e-01	 1.205393e-01	 3.241884e+00	 5.171228e-01	 1.657840e-01	 1.963016e-01	-2.036611e-04	 9.522793e-04	-2.896106e-03	 5.588668e-04	-1.557085e-03	-3.311790e-03	 1.689063e-04	-8.233028e-06	-3.948935e-05
-1.303613e-05	 5.530096e-05	 2.916244e-02	-4.509631e-04	-5.494180e-04	-5.560962e-05	 4.304197e-03	 7.681645e-01	 8.974264e-03	 1.672656e-01	 6.147984e+00	-1.196687e+00	-6.947302e-01	-1.473101e+00	-1.795937e-01	 5.171228e-01	 3.199013e+00	 2.777270e+00	 2.753823e+00	 8.845751e-04	 1.040266e-03	-6.827278e-04	 1.272847e-03	-1.314112e-03	 4.988119e-04	-1.855930e-04	-2.506383e-05	 4.271351e-05
-1.262636e-05	 1.134579e-04	-4.218482e-03	-1.142219e-03	-5.280838e-04	-4.554132e-04	 3.915169e-03	-5.718637e+00	 1.075803e-01	 2.744383e+00	-1.268154e+01	 3.414671e+00	 5.275000e+00	 5.364697e+00	-2.244650e+00	 1.657840e-01	 2.777270e+00	 1.097630e+01	 1.965186e+01	-3.504298e-04	 7.758525e-04	 7.619592e-04	 1.315945e-03	-2.230539e-03	 1.737888e-03	-3.451412e-05	 4.336479e-04	-3.880085e-06
 8.730481e-06	 1.172223e-04	-1.167880e-01	 5.707603e-04	 7.268532e-04	-6.315627e-04	-4.246298e-03	-3.336806e+01	 1.417800e-01	 3.365429e+00	-2.490260e+01	 4.088162e+00	 8.177690e+00	 3.288101e+01	-2.449229e+00	 1.963016e-01	 2.753823e+00	 1.965186e+01	 5.461189e+01	-9.858225e-04	 1.148749e-03	-4.550106e-03	 2.289832e-03	-1.498030e-03	 4.994671e-04	 7.039700e-05	 9.623165e-04	 8.217670e-04
-7.378249e-08	 9.603729e-07	-2.286623e-04	 1.256792e-06	-2.717652e-06	-9.175763e-07	 1.633080e-05	-1.627471e-03	 1.091369e-04	-4.475809e-04	 1.845216e-03	 2.743580e-04	 1.961607e-03	 2.541300e-03	 1.273129e-03	-2.036611e-04	 8.845751e-04	-3.504298e-04	-9.858225e-04	 1.468198e-03	 2.684984e-04	 5.983880e-05	-3.886866e-04	-1.446827e-04	-2.321560e-05	-4.142810e-08	-1.936592e-07	 5.878362e-07
 4.651750e-09	-2.860930e-07	-2.463385e-05	-4.496189e-06	 2.952951e-07	-1.267474e-06	-1.277575e-05	-1.079711e-03	 1.004519e-05	-7.738895e-05	-3.052436e-03	-3.383942e-03	-1.119254e-03	 1.487258e-03	-1.612193e-04	 9.522793e-04	 1.040266e-03	 7.758525e-04	 1.148749e-03	 2.684984e-04	 8.592967e-04	 3.223227e-05	 7.265671e-04	 2.759385e-05	-7.106235e-04	-1.587113e-07	 1.522867e-07	-4.946743e-07
-2.048518e-07	-9.317611e-08	 1.475879e-03	-2.965746e-05	-1.560240e-06	-1.257343e-05	 1.085166e-04	 4.774072e-03	 2.020515e-04	 2.500743e-03	-4.729914e-03	 1.282368e-02	 1.852348e-02	 4.491264e-03	-3.568808e-03	-2.896106e-03	-6.827278e-04	 7.619592e-04	-4.550106e-03	 5.983880e-05	 3.223227e-05	 6.943897e-03	-2.462961e-04	 6.375431e-04	 4.158614e-03	-3.311331e-08	-3.659977e-07	-3.042060e-06
-2.054510e-07	 1.953809e-07	 5.528392e-04	-1.591565e-05	 1.024637e-06	-5.801454e-06	 6.963987e-05	-7.480552e-04	-3.024726e-04	 1.769330e-03	-1.312732e-02	-6.447417e-03	-5.587512e-04	 5.067669e-03	-1.945357e-03	 5.588668e-04	 1.272847e-03	 1.315945e-03	 2.289832e-03	-3.886866e-04	 7.265671e-04	-2.462961e-04	 2.853622e-03	 4.757913e-04	-1.233545e-03	-4.089931e-07	 4.138370e-07	-1.624335e-06
-5.075355e-07	 1.217617e-06	-1.500790e-04	-2.811297e-05	 4.932927e-07	-9.157356e-06	 4.684265e-05	-5.415294e-03	-8.624962e-05	 4.631961e-04	 2.116474e-03	 6.442876e-03	 1.020060e-02	 1.572053e-02	-1.777917e-03	-1.557085e-03	-1.314112e-03	-2.230539e-03	-1.498030e-03	-1.446827e-04	 2.759385e-05	 6.375431e-04	 4.757913e-04	 6.249923e-03	 7.769325e-03	 2.282788e-07	-2.454853e-08	-4.982548e-06
-1.956232e-06	 9.214385e-06	-8.027764e-04	-4.800314e-05	-2.170605e-05	-2.953735e-05	 1.974158e-04	 1.484370e-02	-1.045676e-04	-1.677713e-04	 5.530085e-03	 2.633194e-02	 1.264360e-02	-1.570181e-02	 1.739479e-04	-3.311790e-03	 4.988119e-04	 1.737888e-03	 4.994671e-04	-2.321560e-05	-7.106235e-04	 4.158614e-03	-1.233545e-03	 7.769325e-03	 7.288248e-02	-5.761998e-07	-1.391474e-06	-2.171318e-06
 4.024257e-09	-9.524784e-09	 3.445440e-06	 3.828932e-08	-4.252515e-08	-1.960915e-08	-3.604787e-07	-2.500627e-04	 2.463669e-06	 1.082649e-04	 3.850999e-03	 5.764232e-05	 4.251963e-04	 5.730906e-04	-8.763372e-05	 1.689063e-04	-1.855930e-04	-3.451412e-05	 7.039700e-05	-4.142810e-08	-1.587113e-07	-3.311331e-08	-4.089931e-07	 2.282788e-07	-5.761998e-07	 3.749853e-07	-3.310353e-09	-1.817706e-08
-1.846921e-09	 7.279758e-09	-1.222176e-05	-1.577036e-07	-1.038520e-07	-6.288487e-08	-6.078737e-07	 7.336861e-04	-2.343714e-06	-3.738675e-05	 6.125711e-04	 1.106789e-04	-3.873234e-04	-1.366307e-03	 1.404290e-06	-8.233028e-06	-2.506383e-05	 4.336479e-04	 9.623165e-04	-1.936592e-07	 1.522867e-07	-3.659977e-07	 4.138370e-07	-2.454853e-08	-1.391474e-06	-3.310353e-09	 3.959649e-07	-2.147255e-08
 1.896422e-08	-3.632918e-07	-1.810805e-04	 9.645676e-06	 7.542570e-07	-9.969120e-07	-2.257958e-05	 6.543725e-04	-1.265568e-05	 1.210956e-06	 3.284903e-03	 2.392431e-04	 3.473147e-05	 1.289251e-03	 9.976276e-07	-3.948935e-05	 4.271351e-05	-3.880085e-06	 8.217670e-04	 5.878362e-07	-4.946743e-07	-3.042060e-06	-1.624335e-06	-4.982548e-06	-2.171318e-06	-1.817706e-08	-2.147255e-08	 6.299604e-06