# logA n_s H0 omega_b omega_cdm tau_reio one_over_alpha8 A_planck calib_100T calib_217T A_cib_217 xi_sz_cib A_sz ksz_norm gal545_A_100 gal545_A_143 gal545_A_143_217 gal545_A_217 ps_A_100_100 ps_A_143_143 ps_A_143_217 ps_A_217_217 galf_TE_A_100 galf_TE_A_100_143 galf_TE_A_100_217 galf_TE_A_143 galf_TE_A_143_217 galf_TE_A_217
2.339449692982106333e-04 1.047490468893598362e-05 -5.850667129544580292e-03 3.673471981371300457e-07 -4.365466751452931546e-06 1.121437161399314544e-04 -4.324708428813159159e-04 1.002609873913841387e-05 8.317102663774607376e-08 -1.662907171331997119e-07 -4.826421079649791113e-03 7.384870481852007760e-05 1.134787638943775007e-03 -1.948664121696945181e-03 -6.986409292256736672e-04 -5.832191861260529932e-04 -6.058930252311063016e-04 2.432540366463080764e-03 -2.187419598721906597e-02 -1.004114181646522871e-02 -1.321700119446752274e-03 6.694605430280998505e-03 4.953082747900747381e-07 -3.529843677338617097e-06 -1.443660369392241267e-05 2.791272108168413764e-06 1.919204786415383240e-06 -2.854270817646481560e-05
1.047490468893598362e-05 1.291850940010766240e-05 4.740055801851005913e-04 1.301138446474164641e-07 -1.795850436881448131e-06 7.532270369322930732e-06 -1.438836527615672904e-05 5.772235458081798883e-07 -6.236425040673981688e-08 -8.538165758116174890e-08 -3.845328041148812076e-03 9.162997294123688061e-05 9.207108038945845119e-04 -2.206695788621776226e-03 1.652732964566943046e-04 -2.815091289345239643e-04 -3.513497881351039325e-04 1.005402506323024381e-03 -2.140794676525561990e-02 -5.588909848295681507e-03 2.132085562068463096e-03 4.835731920500767854e-03 2.591282946931591657e-06 1.590795091497928647e-07 -2.231566423796591353e-07 -1.360457504833268178e-06 -5.563724576855112778e-06 -2.434843971841704765e-05
-5.850667129544580292e-03 4.740055801851005913e-04 1.980462631361736170e+00 2.607035543078221776e-05 8.511825745720181884e-05 -2.916279228103395901e-03 1.136574364924554659e-01 -3.463743306212073198e-04 -4.525440614615826047e-06 5.904405835882462484e-06 2.197223122044701937e-01 6.556974567679083564e-03 -4.625365727412094480e-02 1.068655286912534585e-01 3.497063305112168424e-02 2.156244250315561550e-02 2.378764496096193518e-02 -1.299171314033900348e-01 7.713167235840894254e-01 4.180438566702906478e-01 1.498256674447308867e-01 -3.288986596863459066e-01 2.342186909433590115e-05 -5.044439546730734858e-04 -1.315770995277559981e-03 -1.752285107537461268e-03 -1.013304992787699950e-03 -9.604404610355488786e-03
3.673471981371300457e-07 1.301138446474164641e-07 2.607035543078221776e-05 1.744604173036443171e-08 -4.628153629143319467e-08 1.898269809023485165e-07 -1.596153787384658078e-07 8.168318607408088681e-09 3.547520145835343534e-09 -1.626378821873930982e-09 -7.632381660012300549e-05 1.306911218276446744e-06 1.618124694785455663e-05 -2.709958153994872324e-05 -5.243692370275505447e-06 -8.735679036767690352e-06 -1.392741920859046080e-05 8.651749997170219417e-06 -2.830094617678721768e-04 -1.987218679079032170e-04 -5.992743370164596432e-05 1.007317292768948155e-05 -6.012919248015031768e-09 -8.867338547235596618e-08 -2.750119282736740471e-07 -2.594403601933548923e-07 -6.033446555261963483e-07 -1.995152037744192506e-06
-4.365466751452931546e-06 -1.795850436881448131e-06 8.511825745720181884e-05 -4.628153629143319467e-08 8.423662774762928064e-07 -2.990173210289500818e-06 2.318169450835126064e-05 -2.355631839155004520e-07 -7.924739172327552136e-09 1.284880611666652882e-08 2.056325779139615037e-04 -1.223261267591946434e-06 -5.794479276151720499e-05 8.110319635491316311e-05 3.588098776782598355e-05 2.941406067792129881e-05 3.267673014704588911e-05 -8.247243415477204854e-05 6.420866504004629164e-04 6.325285409938663896e-04 2.823840206405929120e-04 -2.340120607281926179e-05 -2.849312870258953401e-07 5.230474325763303399e-07 8.552115459836275308e-07 7.012032027830013069e-07 2.106378182286642847e-06 8.146027844012820917e-06
1.121437161399314815e-04 7.532270369322930732e-06 -2.916279228103395901e-03 1.898269809023485695e-07 -2.990173210289500818e-06 6.115007714656919846e-05 -2.306397660785563706e-04 -7.072421719131949680e-07 -2.913992038739775710e-08 -8.404590612431156132e-08 -2.253282321121395215e-03 2.448354017924128881e-05 6.147861397666727146e-04 -6.359344137696608954e-04 -2.553013833911821785e-04 -4.456454259072468549e-05 -3.419672722367205126e-05 5.946829565067051357e-04 -1.220459600534526227e-02 -5.847593859874186499e-03 -1.993348554632558452e-03 2.380531180914617726e-04 1.696451742716517551e-07 -1.539817802575429557e-06 -9.647590433380761734e-06 1.223613604528461136e-06 1.873361621405779542e-06 -2.301520153332554255e-05
-4.324708428813159159e-04 -1.438836527615672904e-05 1.136574364924554659e-01 -1.596153787384658078e-07 2.318169450835126064e-05 -2.306397660785564248e-04 7.148397671445617767e-03 -2.572582956719807911e-05 -4.568212570861491707e-07 7.172066956864771407e-07 2.167050326081050929e-02 2.561330312402456560e-04 -4.562885411326523220e-03 9.369693645671781784e-03 3.144184296176540279e-03 2.503616754948609011e-03 3.507164066886832993e-03 -9.293938257479096923e-03 7.278529238987421768e-02 4.482008383097799142e-02 1.419786265249665773e-02 -2.374579203951601020e-02 -1.037636488066719023e-07 -1.420410782287264795e-05 -5.783063969968972454e-05 -7.780164385978739479e-05 1.004031793674072532e-05 -2.791519808255487614e-04
1.002609873913841387e-05 5.772235458081798883e-07 -3.463743306212073198e-04 8.168318607408088681e-09 -2.355631839155004520e-07 -7.072421719131949680e-07 -2.572582956719807233e-05 6.055972199013332901e-06 7.345109072652518701e-10 -5.487256629578174297e-09 4.012647888787460992e-04 -8.990978120231873802e-06 3.286965113617601041e-05 -8.756344129379774307e-05 1.055883909477244086e-05 -2.417772721292148864e-06 -5.979553846564805941e-05 7.923052616595656350e-04 2.285473323379485621e-03 6.127092986070084958e-05 2.238679702321943262e-04 1.664386345784777017e-03 8.193961056409214533e-07 -3.321136697960585001e-07 1.669273875816496820e-06 4.167078040372796656e-09 -1.210905795357933758e-06 6.739044054691622003e-06
8.317102663774607376e-08 -6.236425040673981688e-08 -4.525440614615826047e-06 3.547520145835343534e-09 -7.924739172327552136e-09 -2.913992038739775048e-08 -4.568212570861490648e-07 7.345109072652518701e-10 3.761935342994019970e-07 -5.586421845592706422e-09 -2.331032754295777395e-04 4.082887817297099000e-06 1.061070056628408888e-04 -9.023133115122378991e-05 1.734447730520892494e-04 -1.806998019248185004e-04 -1.953969408764392093e-05 9.498318980779810888e-05 3.896262179496110846e-03 8.878845015157692060e-05 4.358672976975762727e-04 5.015721624742242209e-04 -3.043613322079225223e-07 -1.399510794220569323e-07 7.065887300887893039e-07 5.221835617793972422e-08 4.718579032269739343e-08 1.033061171765520187e-06
-1.662907171331997119e-07 -8.538165758116174890e-08 5.904405835882462484e-06 -1.626378821873930982e-09 1.284880611666652882e-08 -8.404590612431156132e-08 7.172066956864771407e-07 -5.487256629578174297e-09 -5.586421845592706422e-09 3.951637010667305572e-07 7.876171734815504187e-04 -4.205130428081319854e-06 -5.277279011785826148e-05 1.521608677120131799e-05 -4.878609443237446866e-06 -2.979800413928450128e-05 4.117886475331448970e-04 9.246231184654875963e-04 5.310258999701765806e-04 9.800761661592140728e-05 -5.021935821391313413e-04 -1.511871458015347572e-03 1.649546702098050916e-09 2.173131127387826042e-07 -1.760243113956821024e-07 -9.516165890215779081e-08 -4.068909970664177884e-07 -3.917096615904733837e-07
-4.826421079649791113e-03 -3.845328041148812076e-03 2.197223122044701937e-01 -7.632381660012300549e-05 2.056325779139615037e-04 -2.253282321121396082e-03 2.167050326081050929e-02 4.012647888787460992e-04 -2.331032754295777395e-04 7.876171734815504187e-04 4.420525803774953744e+01 -3.846918034143455567e-01 -8.680703635319436673e-01 -1.782112586934259391e-01 2.986542023763203435e-01 4.341540490921166895e-01 -5.795145766387267194e+00 -3.312100767501655696e+01 3.354444937239061630e+01 1.736791464781795691e+00 -1.306766548781381942e+01 -5.454052404888621197e+01 -4.183039227748003124e-03 -4.808788778074142805e-04 3.662582061686079585e-03 3.684516041115826115e-03 -1.519978886329377251e-03 2.263581413054815972e-02
7.384870481852009116e-05 9.162997294123689416e-05 6.556974567679085299e-03 1.306911218276446744e-06 -1.223261267591946646e-06 2.448354017924128203e-05 2.561330312402456560e-04 -8.990978120231875496e-06 4.082887817297098153e-06 -4.205130428081319007e-06 -3.846918034143455567e-01 8.242145687120286390e-02 -4.970109125970502417e-02 5.500662520746110035e-02 -1.178425005695092967e-02 8.353331104606519925e-03 1.045918192682738640e-01 1.246657992740863447e-01 -5.295044665952333141e-01 9.223406592281483407e-01 1.692481203845748627e+00 5.976008406563459996e-01 -1.989351828020129392e-04 -1.210914985972894015e-04 -2.851457507457229074e-04 2.144423969453098104e-05 -1.118781125480665443e-04 -6.147722699307283517e-04
1.134787638943775007e-03 9.207108038945845119e-04 -4.625365727412094480e-02 1.618124694785456002e-05 -5.794479276151721177e-05 6.147861397666727146e-04 -4.562885411326523220e-03 3.286965113617602396e-05 1.061070056628408888e-04 -5.277279011785825471e-05 -8.680703635319436673e-01 -4.970109125970501723e-02 3.883041485750736932e+00 -2.792931807145244250e+00 -2.282866580632234299e-01 1.758093492501437149e-01 2.610025118883658291e+00 3.252889784064630696e+00 -3.073085746173963884e+01 -3.168392696735053082e+00 7.764252341869597451e+00 5.557750745061747821e+00 1.962321917202585527e-04 6.931039559246232390e-04 -2.163820513441356652e-04 6.533869917291410239e-04 -4.356786910592410256e-04 -4.726660023388291670e-04
-1.948664121696945181e-03 -2.206695788621775792e-03 1.068655286912534585e-01 -2.709958153994872324e-05 8.110319635491316311e-05 -6.359344137696608954e-04 9.369693645671781784e-03 -8.756344129379775663e-05 -9.023133115122378991e-05 1.521608677120131969e-05 -1.782112586934259391e-01 5.500662520746110035e-02 -2.792931807145244250e+00 5.920916693324658198e+00 9.816831583720117549e-02 -2.276263996945638302e-01 -2.052236455203891641e+00 -2.240685161394365910e+00 1.430486651676556065e+01 -4.704531150978022325e+00 -1.188033747416065289e+01 -9.417217068367117250e+00 2.572613174878228620e-06 -5.667875134568961613e-04 -2.461394257461019513e-03 -1.807822243308732915e-03 1.994458986004738529e-03 5.355301655782668431e-03
-6.986409292256736672e-04 1.652732964566943589e-04 3.497063305112168424e-02 -5.243692370275505447e-06 3.588098776782599710e-05 -2.553013833911821785e-04 3.144184296176538978e-03 1.055883909477244594e-05 1.734447730520892494e-04 -4.878609443237443478e-06 2.986542023763203435e-01 -1.178425005695092967e-02 -2.282866580632234299e-01 9.816831583720116161e-02 3.348037731047141641e+00 5.369594170914815390e-01 8.664534368927777341e-02 -5.191256684801123789e-03 -5.927050198570358752e+00 -3.575910126569082359e-01 -8.751973408494584383e-01 -7.350343110827957105e-01 7.982599178357413852e-04 7.636495620547044611e-04 1.489704568310813021e-03 6.703063464987364575e-04 1.378511995417909791e-03 3.285686271460839820e-03
-5.832191861260529932e-04 -2.815091289345239643e-04 2.156244250315561550e-02 -8.735679036767690352e-06 2.941406067792129881e-05 -4.456454259072472614e-05 2.503616754948609011e-03 -2.417772721292151405e-06 -1.806998019248185004e-04 -2.979800413928450467e-05 4.341540490921165785e-01 8.353331104606519925e-03 1.758093492501437427e-01 -2.276263996945638302e-01 5.369594170914815390e-01 3.172909173925258841e+00 2.705701707053490779e+00 2.820387034594589615e+00 5.006643489640366873e+00 -1.377204401311505233e+00 -5.959139879917626503e-01 -1.092551611976211978e+00 -2.490026623613145716e-04 -3.208465656948565289e-04 -1.340961027201390064e-04 1.388158902341215866e-04 1.376468244861312048e-03 4.101932038163553021e-03
-6.058930252311061932e-04 -3.513497881351038783e-04 2.378764496096192477e-02 -1.392741920859045572e-05 3.267673014704588233e-05 -3.419672722367206482e-05 3.507164066886832993e-03 -5.979553846564807974e-05 -1.953969408764392093e-05 4.117886475331448970e-04 -5.795145766387267194e+00 1.045918192682738362e-01 2.610025118883658291e+00 -2.052236455203891641e+00 8.664534368927777341e-02 2.705701707053490779e+00 1.071470626429335127e+01 1.929314044606094569e+01 -1.230486137103120647e+01 3.393487942828414816e+00 4.958267480569932495e+00 5.340380650943008511e+00 4.838110642220352486e-04 4.947405682548918415e-04 -4.228298568866076766e-03 -4.590003566068200720e-04 1.389660695781551759e-03 1.463600257999618341e-02
2.432540366463080764e-03 1.005402506323024381e-03 -1.299171314033899793e-01 8.651749997170219417e-06 -8.247243415477204854e-05 5.946829565067051357e-04 -9.293938257479096923e-03 7.923052616595658518e-04 9.498318980779810888e-05 9.246231184654875963e-04 -3.312100767501655696e+01 1.246657992740863447e-01 3.252889784064630696e+00 -2.240685161394365910e+00 -5.191256684801143738e-03 2.820387034594589615e+00 1.929314044606094569e+01 5.388865873389452332e+01 -2.295256940142762758e+01 4.030844065592072312e+00 7.836014868598476291e+00 3.275713112145604811e+01 3.981728269831630480e-03 2.393976445368197967e-03 -4.744869223161366639e-03 -1.445536340997464076e-03 3.862091739482158455e-03 1.444931251067805948e-02
-2.187419598721906597e-02 -2.140794676525561990e-02 7.713167235840894254e-01 -2.830094617678721768e-04 6.420866504004629164e-04 -1.220459600534526227e-02 7.278529238987423156e-02 2.285473323379486055e-03 3.896262179496110846e-03 5.310258999701765806e-04 3.354444937239061630e+01 -5.295044665952335361e-01 -3.073085746173963884e+01 1.430486651676556065e+01 -5.927050198570358752e+00 5.006643489640366873e+00 -1.230486137103120825e+01 -2.295256940142762758e+01 7.808633320793452413e+02 6.619782685837547831e+01 -5.726256052328061230e+01 -5.970064515435601749e+01 -8.322871110009965462e-03 -8.364606870057997995e-03 2.397877156263268986e-02 -3.702691665746977220e-03 -1.919828570359352268e-02 4.623908577020149901e-02
-1.004114181646522871e-02 -5.588909848295681507e-03 4.180438566702906478e-01 -1.987218679079032170e-04 6.325285409938663896e-04 -5.847593859874187366e-03 4.482008383097799142e-02 6.127092986070078182e-05 8.878845015157692060e-05 9.800761661592142084e-05 1.736791464781795469e+00 9.223406592281484517e-01 -3.168392696735053082e+00 -4.704531150978023213e+00 -3.575910126569081804e-01 -1.377204401311505233e+00 3.393487942828414816e+00 4.030844065592072312e+00 6.619782685837547831e+01 5.993112239823373955e+01 3.964861551571625142e+01 1.399947633698112703e+01 -3.151260165655710415e-03 -6.028359847807238971e-04 3.387197597419577561e-03 4.879909434567288387e-03 4.412801619932567136e-03 2.113631040846373349e-02
-1.321700119446752274e-03 2.132085562068463530e-03 1.498256674447308867e-01 -5.992743370164595754e-05 2.823840206405928577e-04 -1.993348554632558885e-03 1.419786265249665773e-02 2.238679702321944346e-04 4.358672976975762727e-04 -5.021935821391313413e-04 -1.306766548781381942e+01 1.692481203845748849e+00 7.764252341869597451e+00 -1.188033747416065289e+01 -8.751973408494584383e-01 -5.959139879917626503e-01 4.958267480569932495e+00 7.836014868598478067e+00 -5.726256052328061230e+01 3.964861551571625142e+01 8.524056144143138170e+01 5.251039895409802938e+01 -4.750360484922519153e-03 -7.054310449968384652e-04 3.545189047950108533e-03 7.635867424049144932e-03 6.927125341173628100e-04 -1.699962261482057188e-02
6.694605430280998505e-03 4.835731920500767854e-03 -3.288986596863459066e-01 1.007317292768948155e-05 -2.340120607281922791e-05 2.380531180914617184e-04 -2.374579203951601367e-02 1.664386345784776584e-03 5.015721624742242209e-04 -1.511871458015347572e-03 -5.454052404888621197e+01 5.976008406563461106e-01 5.557750745061747821e+00 -9.417217068367117250e+00 -7.350343110827957105e-01 -1.092551611976211978e+00 5.340380650943008511e+00 3.275713112145604811e+01 -5.970064515435601749e+01 1.399947633698112703e+01 5.251039895409802938e+01 1.031230302989867056e+02 4.599460085741888075e-03 -4.366097916138878508e-04 8.587852615000580829e-04 -2.215523415270218011e-03 4.628126798749040635e-03 -2.739533212681468169e-02
4.953082747900744205e-07 2.591282946931592081e-06 2.342186909433583678e-05 -6.012919248015033423e-09 -2.849312870258953930e-07 1.696451742716519404e-07 -1.037636488066829005e-07 8.193961056409210298e-07 -3.043613322079224164e-07 1.649546702098072216e-09 -4.183039227748003124e-03 -1.989351828020129121e-04 1.962321917202583630e-04 2.572613174878052437e-06 7.982599178357414936e-04 -2.490026623613146258e-04 4.838110642220353028e-04 3.981728269831630480e-03 -8.322871110009965462e-03 -3.151260165655709981e-03 -4.750360484922518285e-03 4.599460085741888075e-03 1.441862778243169479e-03 2.586515050789546131e-04 1.124952129864362807e-04 -3.708440613349643991e-04 -1.033712893607769133e-04 -1.001534996584281729e-04
-3.529843677338618367e-06 1.590795091497926529e-07 -5.044439546730735942e-04 -8.867338547235597941e-08 5.230474325763304458e-07 -1.539817802575428922e-06 -1.420410782287264795e-05 -3.321136697960585001e-07 -1.399510794220569058e-07 2.173131127387826836e-07 -4.808788778074141721e-04 -1.210914985972894015e-04 6.931039559246235642e-04 -5.667875134568961613e-04 7.636495620547044611e-04 -3.208465656948564747e-04 4.947405682548919499e-04 2.393976445368198400e-03 -8.364606870058001464e-03 -6.028359847807242223e-04 -7.054310449968384652e-04 -4.366097916138880135e-04 2.586515050789546131e-04 8.597727266338782513e-04 2.817296590592548150e-05 7.559328184413064387e-04 6.899297643881300364e-05 -6.920103991650678171e-04
-1.443660369392241436e-05 -2.231566423796598235e-07 -1.315770995277559981e-03 -2.750119282736739412e-07 8.552115459836275308e-07 -9.647590433380761734e-06 -5.783063969968973810e-05 1.669273875816497455e-06 7.065887300887891980e-07 -1.760243113956821554e-07 3.662582061686082188e-03 -2.851457507457227990e-04 -2.163820513441353942e-04 -2.461394257461019513e-03 1.489704568310812804e-03 -1.340961027201389251e-04 -4.228298568866076766e-03 -4.744869223161364905e-03 2.397877156263269680e-02 3.387197597419578862e-03 3.545189047950110701e-03 8.587852615000573240e-04 1.124952129864362807e-04 2.817296590592547134e-05 7.172543102888784272e-03 -2.853065243429399800e-04 5.628176370292595990e-04 4.380047676269488086e-03
2.791272108168414188e-06 -1.360457504833267755e-06 -1.752285107537461268e-03 -2.594403601933548923e-07 7.012032027830012010e-07 1.223613604528461983e-06 -7.780164385978739479e-05 4.167078040372624603e-09 5.221835617793979040e-08 -9.516165890215768493e-08 3.684516041115826115e-03 2.144423969453095733e-05 6.533869917291410239e-04 -1.807822243308732915e-03 6.703063464987365659e-04 1.388158902341219661e-04 -4.590003566068195299e-04 -1.445536340997464510e-03 -3.702691665746972883e-03 4.879909434567288387e-03 7.635867424049144932e-03 -2.215523415270218878e-03 -3.708440613349643991e-04 7.559328184413064387e-04 -2.853065243429399800e-04 2.904303077972454888e-03 4.864897848101507830e-04 -1.058126914247116326e-03
1.919204786415380699e-06 -5.563724576855111931e-06 -1.013304992787699733e-03 -6.033446555261963483e-07 2.106378182286642847e-06 1.873361621405779542e-06 1.004031793674073718e-05 -1.210905795357933758e-06 4.718579032269739343e-08 -4.068909970664178943e-07 -1.519978886329376600e-03 -1.118781125480665850e-04 -4.356786910592404835e-04 1.994458986004738962e-03 1.378511995417909140e-03 1.376468244861312048e-03 1.389660695781551976e-03 3.862091739482156720e-03 -1.919828570359351921e-02 4.412801619932565401e-03 6.927125341173656289e-04 4.628126798749038900e-03 -1.033712893607769133e-04 6.899297643881299009e-05 5.628176370292595990e-04 4.864897848101507830e-04 6.340170572968924917e-03 7.704499310092164689e-03
-2.854270817646482238e-05 -2.434843971841704765e-05 -9.604404610355488786e-03 -1.995152037744192082e-06 8.146027844012820917e-06 -2.301520153332554255e-05 -2.791519808255487072e-04 6.739044054691622003e-06 1.033061171765519764e-06 -3.917096615904734896e-07 2.263581413054814931e-02 -6.147722699307282433e-04 -4.726660023388302512e-04 5.355301655782668431e-03 3.285686271460838952e-03 4.101932038163554756e-03 1.463600257999618341e-02 1.444931251067805601e-02 4.623908577020150595e-02 2.113631040846373349e-02 -1.699962261482057188e-02 -2.739533212681467475e-02 -1.001534996584281729e-04 -6.920103991650678171e-04 4.380047676269488086e-03 -1.058126914247116326e-03 7.704499310092164689e-03 7.092549164262863803e-02
