#          omega_b        omega_cdm               H0     ln10^{10}A_s              n_s           z_reio          zeta_IG         delta_IG        A_cib_217        xi_sz_cib             A_sz     ps_A_100_100     ps_A_143_143     ps_A_143_217     ps_A_217_217         ksz_norm     gal545_A_100     gal545_A_143 gal545_A_143_217     gal545_A_217    galf_TE_A_100 galf_TE_A_100_143 galf_TE_A_100_217    galf_TE_A_143 galf_TE_A_143_217    galf_TE_A_217       calib_100T       calib_217T         A_planck         tau_reio         gamma_IG   sigma_final_IG     sigma_ini_IG sigma_prime_final_IG sigma_prime_ini_IG      G_eff_final        G_eff_ini     Gp_eff_final         gamma_pn          beta_pn              YHe      100*theta_s           sigma8             rs_d
 5.606262e-08	-3.925076e-08	 1.388525e-05	 2.014704e-06	 1.385387e-06	 4.880849e-05	-8.040730e-08	 4.509718e-06	 1.387855e-04	-3.221625e-06	 1.278939e-05	 1.947861e-04	 2.046169e-04	 1.142651e-04	-2.030745e-05	 7.767559e-05	 1.410489e-05	 2.287021e-05	 3.494917e-05	-4.392553e-06	-9.607744e-08	 2.558953e-08	 9.598116e-08	-8.968210e-08	-6.206448e-07	-2.413616e-06	-3.610097e-09	 1.850891e-09	 3.665135e-08	 4.308548e-07	-2.013802e-08	 2.913272e-03	 2.922795e-03	-1.183968e-10	-6.428047e-09	 4.505344e-06	 8.346589e-06	 8.460443e-12	0.000000e+00	0.000000e+00	 1.352316e-06	 1.736155e-08	-1.743858e-06	-3.655088e-04	
-3.925076e-08	 1.135223e-06	-5.502354e-05	-1.664046e-06	-1.105866e-06	-2.119907e-04	 3.816255e-07	 2.421737e-06	 3.113114e-04	-1.164465e-05	-4.013655e-05	 1.722311e-03	 1.079604e-03	 4.469731e-04	 1.774823e-04	 2.259939e-04	-1.323740e-05	 2.523543e-05	 9.766454e-05	 7.795420e-05	 1.436176e-07	 3.541134e-07	-4.206407e-07	 1.230478e-06	 6.162851e-07	 8.491772e-06	-5.155130e-09	 9.701069e-09	-1.947832e-07	-2.475159e-06	 9.557544e-08	-1.602869e-02	-1.606800e-02	 5.440749e-10	 3.255233e-08	 2.425336e-06	 7.542536e-06	-3.921132e-11	0.000000e+00	0.000000e+00	 9.806516e-07	-2.588557e-08	 4.386130e-06	-6.314896e-04	
 1.388525e-05	-5.502354e-05	 6.816209e-01	 1.300377e-03	 8.376548e-04	 4.524151e-02	 6.515078e-04	-1.913154e-03	-3.951863e-02	-8.553525e-04	 1.696925e-02	-1.005057e-01	 4.792617e-02	 1.023201e-01	 1.464856e-01	 3.724666e-02	 3.007341e-02	 9.253028e-03	 2.216668e-02	 9.194661e-02	-1.475843e-04	-2.178779e-04	 2.055310e-05	-7.956902e-05	-6.456249e-04	 2.248967e-04	-3.939444e-06	 3.586523e-06	 8.215993e-05	 4.925688e-04	 1.631706e-04	-2.441083e+01	-2.447800e+01	 8.771203e-07	 5.214623e-05	-1.902628e-03	 8.747580e-04	-6.528016e-08	0.000000e+00	0.000000e+00	-1.374330e-04	 2.934389e-05	 5.744686e-03	-1.651118e-01	
 2.014704e-06	-1.664046e-06	 1.300377e-03	 2.690397e-04	 6.540224e-05	 1.065958e-02	-2.391216e-06	 1.982784e-04	 6.124133e-03	-1.106165e-04	 3.421992e-04	 7.079857e-03	 1.453004e-02	 9.755183e-03	 5.769836e-03	 2.740236e-03	 4.073368e-04	 6.798323e-04	 1.253975e-03	 1.004224e-03	-2.557024e-06	 2.235675e-06	 9.418664e-06	-4.466442e-06	-1.747970e-05	-4.750370e-05	-3.395682e-07	 3.823554e-08	 9.760614e-06	 1.013968e-04	-5.988699e-07	 7.337498e-02	 7.367516e-02	-3.640876e-09	-1.897083e-07	 1.980992e-04	 3.752875e-04	 2.576712e-10	0.000000e+00	0.000000e+00	 5.996131e-05	 7.237853e-07	 8.899188e-06	-1.611862e-02	
 1.385387e-06	-1.105866e-06	 8.376548e-04	 6.540224e-05	 5.445479e-05	 1.813565e-03	-1.761065e-06	 1.462098e-04	 3.082436e-03	-8.001634e-05	 9.943716e-06	 2.254366e-03	 1.016655e-02	 7.492021e-03	 4.694194e-03	 1.034583e-03	 9.587898e-04	 6.378134e-04	 8.300453e-04	 3.651938e-04	-1.693815e-07	 1.578970e-06	 2.474550e-06	 1.783210e-07	-1.104890e-05	-4.271955e-05	-2.939809e-07	 3.970986e-08	 1.196179e-06	 1.517367e-05	-4.410600e-07	 5.515598e-02	 5.537719e-02	-2.683774e-09	-1.402180e-07	 1.460793e-04	 2.766462e-04	 1.895051e-10	0.000000e+00	0.000000e+00	 4.425531e-05	 5.692259e-07	-4.557772e-05	-1.181662e-02	
 4.880849e-05	-2.119907e-04	 4.524151e-02	 1.065958e-02	 1.813565e-03	 5.371753e-01	-1.026731e-04	 4.148974e-03	 2.471394e-02	-1.946866e-04	 2.670749e-02	-6.245649e-01	 3.046877e-02	 6.181670e-02	-1.606597e-02	 4.743013e-02	 1.618848e-02	 2.587977e-02	 3.192145e-02	 5.602735e-03	-1.457787e-04	 8.390759e-05	 4.453908e-04	-1.909309e-04	-2.999464e-04	-2.249595e-03	-1.629063e-05	-2.037481e-06	-1.027981e-04	 5.246939e-03	-2.571378e-05	 3.323234e+00	 3.334976e+00	-1.515078e-07	-8.427548e-06	 4.144443e-03	 7.477811e-03	 1.085242e-08	0.000000e+00	0.000000e+00	 1.219435e-03	 1.977684e-05	 1.425133e-03	-2.716226e-01	
-8.040730e-08	 3.816255e-07	 6.515078e-04	-2.391216e-06	-1.761065e-06	-1.026731e-04	 9.173055e-07	-8.395792e-06	-2.167844e-04	 2.315282e-06	-1.500678e-05	 2.597476e-05	-1.264997e-05	 6.340975e-05	 2.728391e-04	-3.534018e-05	 8.987887e-07	-2.403522e-05	-1.377383e-05	 1.311705e-04	-1.606569e-08	-1.871035e-07	-3.287340e-07	 4.251739e-07	 4.753391e-07	 6.210019e-06	 1.570442e-09	 3.002114e-09	-3.477685e-08	-9.917835e-07	 2.297384e-07	-3.466578e-02	-3.476235e-02	 1.261800e-09	 7.409951e-08	-8.376843e-06	-1.004014e-05	-9.289466e-11	0.000000e+00	0.000000e+00	-1.987142e-06	-3.226382e-08	 1.005504e-05	 2.020098e-04	
 4.509718e-06	 2.421737e-06	-1.913154e-03	 1.982784e-04	 1.462098e-04	 4.148974e-03	-8.395792e-06	 5.327534e-04	 2.539411e-02	-6.511074e-04	 7.135196e-04	 5.044959e-02	 4.237945e-02	 1.705343e-02	-5.246703e-03	 1.380649e-02	 1.836761e-03	 3.465413e-03	 5.973199e-03	-1.444208e-03	 9.105553e-07	 9.892006e-06	 1.537301e-05	 9.019054e-06	-4.001079e-05	-1.194242e-04	-6.784582e-07	 2.942460e-07	 2.076974e-06	 2.923841e-05	-2.102736e-06	 2.756021e-01	 2.766068e-01	-1.224900e-08	-6.601663e-07	 5.322516e-04	 9.940863e-04	 8.813873e-10	0.000000e+00	0.000000e+00	 1.595300e-04	 1.450915e-06	-1.879900e-04	-4.321560e-02	
 1.387855e-04	 3.113114e-04	-3.951863e-02	 6.124133e-03	 3.082436e-03	 2.471394e-02	-2.167844e-04	 2.539411e-02	 4.597427e+01	-5.032619e-01	-1.098533e+00	 4.360115e+01	 5.791606e+00	-1.253687e+01	-5.378170e+01	-6.336762e-01	 2.825520e-01	 7.207779e-01	-5.792416e+00	-3.347069e+01	 6.211479e-04	 1.983879e-03	-1.870147e-03	 8.028173e-04	-2.699343e-03	-7.044147e-03	-2.851409e-04	 7.177868e-04	 7.362073e-04	-5.300009e-04	-5.428189e-05	 7.915842e+00	 7.945719e+00	-3.460903e-07	-1.748936e-05	 2.537417e-02	 4.864158e-02	 2.342886e-08	0.000000e+00	0.000000e+00	 7.697451e-03	 9.554601e-05	-9.348223e-03	-2.116699e+00	
-3.221625e-06	-1.164465e-05	-8.553525e-04	-1.106165e-04	-8.001634e-05	-1.946866e-04	 2.315282e-06	-6.511074e-04	-5.032619e-01	 8.105287e-02	-2.837567e-02	-8.615407e-01	 1.002125e+00	 2.004628e+00	 8.154289e-01	 1.115640e-02	-7.364361e-03	 1.374365e-02	 1.315935e-01	 1.788140e-01	 1.481625e-05	 2.945320e-05	-5.266669e-05	-1.416167e-04	 1.687129e-04	-1.120289e-03	 6.920957e-06	-3.822122e-06	-5.886706e-06	 1.971882e-05	 5.799488e-07	-2.189528e-02	-2.230218e-02	 3.989002e-09	 1.524355e-07	-6.505856e-04	-1.270053e-03	-2.768817e-10	0.000000e+00	0.000000e+00	-2.003078e-04	-3.129294e-06	 2.233584e-04	 5.654244e-02	
 1.278939e-05	-4.013655e-05	 1.696925e-02	 3.421992e-04	 9.943716e-06	 2.670749e-02	-1.500678e-05	 7.135196e-04	-1.098533e+00	-2.837567e-02	 3.478531e+00	-3.136852e+01	-7.540338e+00	 2.444910e+00	 1.286873e+00	-3.734097e-03	-1.984527e-01	 1.013866e-01	 2.253937e+00	 3.024998e+00	 3.521210e-04	-9.377666e-06	 8.118237e-04	-4.549800e-05	-9.570294e-04	-4.793236e-04	 9.600596e-05	-5.395113e-05	 8.862250e-05	 2.666827e-04	-3.759491e-06	 1.703630e+00	 1.705444e+00	-2.328955e-08	-1.262610e-06	 7.126532e-04	 1.312651e-03	 1.613714e-09	0.000000e+00	0.000000e+00	 2.164616e-04	 6.843167e-06	-4.761981e-04	-5.165784e-02	
 1.947861e-04	 1.722311e-03	-1.005057e-01	 7.079857e-03	 2.254366e-03	-6.245649e-01	 2.597476e-05	 5.044959e-02	 4.360115e+01	-8.615407e-01	-3.136852e+01	 8.534438e+02	 1.261282e+02	-9.071051e+00	-2.200872e+01	-1.296780e+01	-5.983733e+00	 5.963939e+00	-1.126337e+01	-2.579453e+01	-5.492596e-03	-1.240258e-03	 8.531086e-04	 1.222017e-02	 1.515260e-03	 9.288634e-03	 3.652022e-03	 7.574319e-04	 2.311613e-03	-7.938941e-03	 6.534303e-06	-1.602715e+01	-1.601741e+01	-6.385286e-09	 5.806513e-06	 5.041418e-02	 9.967366e-02	-2.886194e-10	0.000000e+00	0.000000e+00	 1.565521e-02	 1.526520e-04	-1.485329e-02	-4.649293e+00	
 2.046169e-04	 1.079604e-03	 4.792617e-02	 1.453004e-02	 1.016655e-02	 3.046877e-02	-1.264997e-05	 4.237945e-02	 5.791606e+00	 1.002125e+00	-7.540338e+00	 1.261282e+02	 9.394080e+01	 6.009308e+01	 2.774158e+01	-1.251224e+01	-4.208964e-02	-9.821274e-01	 1.763953e+00	 8.278932e-02	 9.105642e-04	 3.096141e-03	-6.372727e-03	 2.663548e-03	 4.757695e-04	-1.473757e-02	-6.559768e-05	 2.148801e-04	 4.202278e-04	-1.121517e-03	-3.161831e-06	-5.143229e+00	-5.130561e+00	-7.274503e-08	 8.977234e-07	 4.234931e-02	 8.376081e-02	 3.501623e-09	0.000000e+00	0.000000e+00	 1.308759e-02	 1.269591e-04	-7.901612e-03	-3.817289e+00	
 1.142651e-04	 4.469731e-04	 1.023201e-01	 9.755183e-03	 7.492021e-03	 6.181670e-02	 6.340975e-05	 1.705343e-02	-1.253687e+01	 2.004628e+00	 2.444910e+00	-9.071051e+00	 6.009308e+01	 9.503659e+01	 5.575282e+01	-1.158592e+01	-4.717853e-01	-4.955092e-01	 2.580161e+00	 4.150778e+00	 2.413413e-03	 2.935614e-03	-2.433708e-03	-5.702762e-04	 6.634890e-03	-3.437368e-02	 3.189557e-04	-3.516280e-04	 5.659794e-04	 1.043320e-04	 1.588309e-05	 3.365799e-01	 3.350324e-01	 5.812445e-08	 5.568671e-06	 1.704240e-02	 3.424721e-02	-5.528040e-09	0.000000e+00	0.000000e+00	 5.317508e-03	 2.109087e-05	-1.399656e-04	-1.604659e+00	
-2.030745e-05	 1.774823e-04	 1.464856e-01	 5.769836e-03	 4.694194e-03	-1.606597e-02	 2.728391e-04	-5.246703e-03	-5.378170e+01	 8.154289e-01	 1.286873e+00	-2.200872e+01	 2.774158e+01	 5.575282e+01	 1.043028e+02	-1.055903e+01	-4.237640e-01	-1.375826e+00	 3.197153e+00	 3.011010e+01	 1.131517e-03	-6.624230e-04	 9.495703e-04	 8.803134e-04	 6.443698e-03	-4.497799e-03	 4.128789e-04	-1.289415e-03	 1.284462e-03	-3.152569e-05	 6.831427e-05	-1.257219e+01	-1.260314e+01	 4.052887e-07	 2.357808e-05	-5.241078e-03	-8.337780e-03	-2.788599e-08	0.000000e+00	0.000000e+00	-1.432047e-03	-5.271025e-05	 8.796054e-03	 2.560055e-01	
 7.767559e-05	 2.259939e-04	 3.724666e-02	 2.740236e-03	 1.034583e-03	 4.743013e-02	-3.534018e-05	 1.380649e-02	-6.336762e-01	 1.115640e-02	-3.734097e-03	-1.296780e+01	-1.251224e+01	-1.158592e+01	-1.055903e+01	 7.936238e+00	 5.464358e-02	-1.908189e-02	-2.375945e-01	-1.954517e-01	-2.015136e-04	 4.008442e-04	 2.682562e-03	 3.721600e-04	-3.308177e-03	 2.549194e-04	-2.268079e-05	-1.682083e-05	 1.995399e-05	 3.372677e-05	-8.852167e-06	-1.246905e+00	-1.239862e+00	-6.410937e-08	-2.054259e-06	 1.379578e-02	 2.704406e-02	 4.453491e-09	0.000000e+00	0.000000e+00	 4.246855e-03	 3.504514e-05	-4.825881e-03	-1.209036e+00	
 1.410489e-05	-1.323740e-05	 3.007341e-02	 4.073368e-04	 9.587898e-04	 1.618848e-02	 8.987887e-07	 1.836761e-03	 2.825520e-01	-7.364361e-03	-1.984527e-01	-5.983733e+00	-4.208964e-02	-4.717853e-01	-4.237640e-01	 5.464358e-02	 3.334207e+00	 5.467716e-01	 1.122918e-01	-3.967883e-02	 3.114731e-04	-1.729636e-04	-1.541880e-03	-5.107103e-04	-1.341196e-03	-6.970644e-03	 1.768071e-04	-6.394733e-06	 5.119157e-06	 1.173107e-04	 2.253188e-07	-7.048714e-01	-7.044217e-01	-3.256929e-09	 4.803774e-08	 1.835458e-03	 3.641991e-03	 8.144215e-11	0.000000e+00	0.000000e+00	 5.704631e-04	 6.721168e-06	-4.892169e-04	-1.558043e-01	
 2.287021e-05	 2.523543e-05	 9.253028e-03	 6.798323e-04	 6.378134e-04	 2.587977e-02	-2.403522e-05	 3.465413e-03	 7.207779e-01	 1.374365e-02	 1.013866e-01	 5.963939e+00	-9.821274e-01	-4.955092e-01	-1.375826e+00	-1.908189e-02	 5.467716e-01	 3.150748e+00	 2.628968e+00	 2.496673e+00	 4.375233e-04	-2.888645e-04	 4.485507e-04	 3.274319e-04	 2.948902e-04	-2.207773e-03	-1.866506e-04	-4.727329e-05	-1.919943e-05	 1.623181e-04	-6.018759e-06	 1.433618e+00	 1.437098e+00	-3.941337e-08	-1.906970e-06	 3.462614e-03	 6.665808e-03	 2.661181e-09	0.000000e+00	0.000000e+00	 1.059224e-03	 1.111938e-05	-1.315325e-03	-2.923475e-01	
 3.494917e-05	 9.766454e-05	 2.216668e-02	 1.253975e-03	 8.300453e-04	 3.192145e-02	-1.377383e-05	 5.973199e-03	-5.792416e+00	 1.315935e-01	 2.253937e+00	-1.126337e+01	 1.763953e+00	 2.580161e+00	 3.197153e+00	-2.375945e-01	 1.122918e-01	 2.628968e+00	 1.036310e+01	 1.863065e+01	 9.641545e-04	-5.065841e-04	 1.802053e-03	 8.650578e-04	-1.031182e-03	 6.749438e-03	-4.119424e-05	 3.819314e-04	-3.008278e-05	 1.405099e-04	-3.452363e-06	-3.336920e-02	-3.065076e-02	-2.285760e-08	-5.852316e-07	 5.968390e-03	 1.172577e-02	 1.763778e-09	0.000000e+00	0.000000e+00	 1.844391e-03	 2.496843e-05	-1.918273e-03	-5.246367e-01	
-4.392553e-06	 7.795420e-05	 9.194661e-02	 1.004224e-03	 3.651938e-04	 5.602735e-03	 1.311705e-04	-1.444208e-03	-3.347069e+01	 1.788140e-01	 3.024998e+00	-2.579453e+01	 8.278932e-02	 4.150778e+00	 3.011010e+01	-1.954517e-01	-3.967883e-02	 2.496673e+00	 1.863065e+01	 5.268553e+01	 7.461547e-04	-2.305030e-03	 4.476779e-03	 1.923466e-03	-2.748478e-04	 2.017430e-02	 7.784457e-05	 8.966905e-04	 6.517558e-04	 9.855632e-05	 3.284255e-05	-6.613869e+00	-6.628579e+00	 1.947071e-07	 1.148568e-05	-1.442340e-03	-1.860636e-03	-1.332261e-08	0.000000e+00	0.000000e+00	-3.487973e-04	 1.078331e-07	 2.374674e-03	 3.608431e-02	
-9.607744e-08	 1.436176e-07	-1.475843e-04	-2.557024e-06	-1.693815e-07	-1.457787e-04	-1.606569e-08	 9.105553e-07	 6.211479e-04	 1.481625e-05	 3.521210e-04	-5.492596e-03	 9.105642e-04	 2.413413e-03	 1.131517e-03	-2.015136e-04	 3.114731e-04	 4.375233e-04	 9.641545e-04	 7.461547e-04	 1.446969e-03	 2.840224e-04	 9.288946e-05	-3.788700e-04	-8.680339e-05	-1.200441e-04	-4.601422e-08	-1.228287e-07	 3.412793e-07	-1.744668e-06	-4.076919e-09	-2.310049e-04	-2.332383e-04	 4.851128e-11	 3.378971e-09	 9.013992e-07	 1.596583e-06	 2.110431e-12	0.000000e+00	0.000000e+00	 3.658901e-07	 8.062518e-09	-8.445497e-07	-1.158586e-05	
 2.558953e-08	 3.541134e-07	-2.178779e-04	 2.235675e-06	 1.578970e-06	 8.390759e-05	-1.871035e-07	 9.892006e-06	 1.983879e-03	 2.945320e-05	-9.377666e-06	-1.240258e-03	 3.096141e-03	 2.935614e-03	-6.624230e-04	 4.008442e-04	-1.729636e-04	-2.888645e-04	-5.065841e-04	-2.305030e-03	 2.840224e-04	 8.820937e-04	 5.782471e-06	 7.403787e-04	 6.407384e-05	-7.240815e-04	-1.857331e-07	-5.316911e-08	-9.996300e-07	 4.763008e-07	-4.688748e-08	 1.546986e-03	 1.563639e-03	-1.926031e-10	-1.068080e-08	 9.884094e-06	 1.826243e-05	 1.856832e-11	0.000000e+00	0.000000e+00	 2.929894e-06	 6.247838e-08	-3.293758e-06	-8.004533e-04	
 9.598116e-08	-4.206407e-07	 2.055310e-05	 9.418664e-06	 2.474550e-06	 4.453908e-04	-3.287340e-07	 1.537301e-05	-1.870147e-03	-5.266669e-05	 8.118237e-04	 8.531086e-04	-6.372727e-03	-2.433708e-03	 9.495703e-04	 2.682562e-03	-1.541880e-03	 4.485507e-04	 1.802053e-03	 4.476779e-03	 9.288946e-05	 5.782471e-06	 7.106887e-03	-3.151229e-04	 5.902350e-04	 4.585217e-03	-3.568910e-08	 5.238015e-08	-6.865734e-07	 4.172091e-06	-8.227414e-08	 1.721597e-02	 1.726120e-02	-5.871417e-10	-3.318135e-08	 1.536294e-05	 2.839347e-05	 3.412642e-11	0.000000e+00	0.000000e+00	 4.384962e-06	 1.066131e-07	-6.282497e-06	-1.005421e-03	
-8.968210e-08	 1.230478e-06	-7.956902e-05	-4.466442e-06	 1.783210e-07	-1.909309e-04	 4.251739e-07	 9.019054e-06	 8.028173e-04	-1.416167e-04	-4.549800e-05	 1.222017e-02	 2.663548e-03	-5.702762e-04	 8.803134e-04	 3.721600e-04	-5.107103e-04	 3.274319e-04	 8.650578e-04	 1.923466e-03	-3.788700e-04	 7.403787e-04	-3.151229e-04	 2.931736e-03	 5.712400e-04	-9.379541e-04	-2.390266e-08	 3.583453e-07	-2.426513e-06	-2.478657e-06	 1.064955e-07	-5.038433e-02	-5.042619e-02	 5.906919e-10	 3.570744e-08	 9.022441e-06	 2.071950e-05	-4.374111e-11	0.000000e+00	0.000000e+00	 3.031373e-06	-8.913676e-08	 1.246460e-06	-1.141216e-03	
-6.206448e-07	 6.162851e-07	-6.456249e-04	-1.747970e-05	-1.104890e-05	-2.999464e-04	 4.753391e-07	-4.001079e-05	-2.699343e-03	 1.687129e-04	-9.570294e-04	 1.515260e-03	 4.757695e-04	 6.634890e-03	 6.443698e-03	-3.308177e-03	-1.341196e-03	 2.948902e-04	-1.031182e-03	-2.748478e-04	-8.680339e-05	 6.407384e-05	 5.902350e-04	 5.712400e-04	 6.370413e-03	 7.824757e-03	-4.555810e-07	 2.091207e-08	-1.687612e-06	-2.554973e-06	 1.190576e-07	-2.784088e-02	-2.790148e-02	 7.605383e-10	 4.003511e-08	-3.997990e-05	-7.616281e-05	-5.159352e-11	0.000000e+00	0.000000e+00	-1.191189e-05	-3.894166e-07	 1.555790e-05	 3.390528e-03	
-2.413616e-06	 8.491772e-06	 2.248967e-04	-4.750370e-05	-4.271955e-05	-2.249595e-03	 6.210019e-06	-1.194242e-04	-7.044147e-03	-1.120289e-03	-4.793236e-04	 9.288634e-03	-1.473757e-02	-3.437368e-02	-4.497799e-03	 2.549194e-04	-6.970644e-03	-2.207773e-03	 6.749438e-03	 2.017430e-02	-1.200441e-04	-7.240815e-04	 4.585217e-03	-9.379541e-04	 7.824757e-03	 7.153615e-02	 4.749175e-08	-5.721272e-07	 5.832601e-06	-2.400882e-05	 1.555293e-06	-7.123230e-02	-7.190342e-02	 8.794194e-09	 5.059348e-07	-1.192427e-04	-1.932566e-04	-6.410860e-10	0.000000e+00	0.000000e+00	-3.318802e-05	-3.890405e-07	 1.027227e-04	 6.672304e-03	
-3.610097e-09	-5.155130e-09	-3.939444e-06	-3.395682e-07	-2.939809e-07	-1.629063e-05	 1.570442e-09	-6.784582e-07	-2.851409e-04	 6.920957e-06	 9.600596e-05	 3.652022e-03	-6.559768e-05	 3.189557e-04	 4.128789e-04	-2.268079e-05	 1.768071e-04	-1.866506e-04	-4.119424e-05	 7.784457e-05	-4.601422e-08	-1.857331e-07	-3.568910e-08	-2.390266e-08	-4.555810e-07	 4.749175e-08	 3.764226e-07	-3.492030e-09	-2.443757e-09	-1.393682e-07	 3.939200e-10	-4.257215e-04	-4.260225e-04	 2.731928e-12	 8.347984e-11	-6.779672e-07	-1.334387e-06	-2.020696e-13	0.000000e+00	0.000000e+00	-2.086648e-07	-1.843659e-09	 9.280184e-08	 5.732574e-05	
 1.850891e-09	 9.701069e-09	 3.586523e-06	 3.823554e-08	 3.970986e-08	-2.037481e-06	 3.002114e-09	 2.942460e-07	 7.177868e-04	-3.822122e-06	-5.395113e-05	 7.574319e-04	 2.148801e-04	-3.516280e-04	-1.289415e-03	-1.682083e-05	-6.394733e-06	-4.727329e-05	 3.819314e-04	 8.966905e-04	-1.228287e-07	-5.316911e-08	 5.238015e-08	 3.583453e-07	 2.091207e-08	-5.721272e-07	-3.492030e-09	 3.832037e-07	-2.410014e-09	-3.021908e-08	 7.526263e-10	-2.792527e-04	-2.794311e-04	 2.800301e-12	 1.986311e-10	 2.941880e-07	 6.074764e-07	-2.903914e-13	0.000000e+00	0.000000e+00	 9.192046e-08	 2.649736e-09	-6.104663e-08	-2.863399e-05	
 3.665135e-08	-1.947832e-07	 8.215993e-05	 9.760614e-06	 1.196179e-06	-1.027981e-04	-3.477685e-08	 2.076974e-06	 7.362073e-04	-5.886706e-06	 8.862250e-05	 2.311613e-03	 4.202278e-04	 5.659794e-04	 1.284462e-03	 1.995399e-05	 5.119157e-06	-1.919943e-05	-3.008278e-05	 6.517558e-04	 3.412793e-07	-9.996300e-07	-6.865734e-07	-2.426513e-06	-1.687612e-06	 5.832601e-06	-2.443757e-09	-2.410014e-09	 5.871247e-06	-9.923117e-07	-8.707602e-09	 3.210571e-03	 3.215164e-03	-6.088830e-11	-3.285478e-09	 2.074860e-06	 3.895448e-06	 3.879735e-12	0.000000e+00	0.000000e+00	 6.210035e-07	 1.027558e-08	 2.395011e-06	-1.320976e-04	
 4.308548e-07	-2.475159e-06	 4.925688e-04	 1.013968e-04	 1.517367e-05	 5.246939e-03	-9.917835e-07	 2.923841e-05	-5.300009e-04	 1.971882e-05	 2.666827e-04	-7.938941e-03	-1.121517e-03	 1.043320e-04	-3.152569e-05	 3.372677e-05	 1.173107e-04	 1.623181e-04	 1.405099e-04	 9.855632e-05	-1.744668e-06	 4.763008e-07	 4.172091e-06	-2.478657e-06	-2.554973e-06	-2.400882e-05	-1.393682e-07	-3.021908e-08	-9.923117e-07	 5.173006e-05	-2.483837e-07	 3.380605e-02	 3.391696e-02	-1.457667e-09	-8.236452e-08	 2.920251e-05	 5.078066e-05	 1.043880e-10	0.000000e+00	0.000000e+00	 8.438166e-06	 1.779182e-07	 1.618349e-05	-1.618589e-03	
-2.013802e-08	 9.557544e-08	 1.631706e-04	-5.988699e-07	-4.410600e-07	-2.571378e-05	 2.297384e-07	-2.102736e-06	-5.428189e-05	 5.799488e-07	-3.759491e-06	 6.534303e-06	-3.161831e-06	 1.588309e-05	 6.831427e-05	-8.852167e-06	 2.253188e-07	-6.018759e-06	-3.452363e-06	 3.284255e-05	-4.076919e-09	-4.688748e-08	-8.227414e-08	 1.064955e-07	 1.190576e-07	 1.555293e-06	 3.939200e-10	 7.526263e-10	-8.707602e-09	-2.483837e-07	 5.753783e-08	-8.678001e-03	-8.702186e-03	 3.159766e-10	 1.855581e-08	-2.097990e-06	-2.514587e-06	-2.326540e-11	0.000000e+00	0.000000e+00	-4.976862e-07	-8.080428e-09	 2.518290e-06	 5.059585e-05	
 2.913272e-03	-1.602869e-02	-2.441083e+01	 7.337498e-02	 5.515598e-02	 3.323234e+00	-3.466578e-02	 2.756021e-01	 7.915842e+00	-2.189528e-02	 1.703630e+00	-1.602715e+01	-5.143229e+00	 3.365799e-01	-1.257219e+01	-1.246905e+00	-7.048714e-01	 1.433618e+00	-3.336920e-02	-6.613869e+00	-2.310049e-04	 1.546986e-03	 1.721597e-02	-5.038433e-02	-2.784088e-02	-7.123230e-02	-4.257215e-04	-2.792527e-04	 3.210571e-03	 3.380605e-02	-8.678001e-03	 6.994213e+03	 6.998855e+03	-6.126490e-05	-3.600694e-03	 2.750496e-01	 2.947011e-01	 3.506271e-06	0.000000e+00	0.000000e+00	 6.183526e-02	 9.543587e-04	-3.742660e-01	-3.764643e+00	
 2.922795e-03	-1.606800e-02	-2.447800e+01	 7.367516e-02	 5.537719e-02	 3.334976e+00	-3.476235e-02	 2.766068e-01	 7.945719e+00	-2.230218e-02	 1.705444e+00	-1.601741e+01	-5.130561e+00	 3.350324e-01	-1.260314e+01	-1.239862e+00	-7.044217e-01	 1.437098e+00	-3.065076e-02	-6.628579e+00	-2.332383e-04	 1.563639e-03	 1.726120e-02	-5.042619e-02	-2.790148e-02	-7.190342e-02	-4.260225e-04	-2.794311e-04	 3.215164e-03	 3.391696e-02	-8.702186e-03	 6.998855e+03	 7.003508e+03	-6.140487e-05	-3.608895e-03	 2.760522e-01	 2.959954e-01	 3.516060e-06	0.000000e+00	0.000000e+00	 6.208179e-02	 9.580723e-04	-3.753503e-01	-3.796716e+00	
-1.183968e-10	 5.440749e-10	 8.771203e-07	-3.640876e-09	-2.683774e-09	-1.515078e-07	 1.261800e-09	-1.224900e-08	-3.460903e-07	 3.989002e-09	-2.328955e-08	-6.385286e-09	-7.274503e-08	 5.812445e-08	 4.052887e-07	-6.410937e-08	-3.256929e-09	-3.941337e-08	-2.285760e-08	 1.947071e-07	 4.851128e-11	-1.926031e-10	-5.871417e-10	 5.906919e-10	 7.605383e-10	 8.794194e-09	 2.731928e-12	 2.800301e-12	-6.088830e-11	-1.457667e-09	 3.159766e-10	-6.126490e-05	-6.140487e-05	 1.832176e-12	 1.074732e-10	-1.222371e-08	-1.517742e-08	-1.278534e-13	0.000000e+00	0.000000e+00	-2.947784e-09	-4.739632e-11	 1.401212e-08	 3.353892e-07	
-6.428047e-09	 3.255233e-08	 5.214623e-05	-1.897083e-07	-1.402180e-07	-8.427548e-06	 7.409951e-08	-6.601663e-07	-1.748936e-05	 1.524355e-07	-1.262610e-06	 5.806513e-06	 8.977234e-07	 5.568671e-06	 2.357808e-05	-2.054259e-06	 4.803774e-08	-1.906970e-06	-5.852316e-07	 1.148568e-05	 3.378971e-09	-1.068080e-08	-3.318135e-08	 3.570744e-08	 4.003511e-08	 5.059348e-07	 8.347984e-11	 1.986311e-10	-3.285478e-09	-8.236452e-08	 1.855581e-08	-3.600694e-03	-3.608895e-03	 1.074732e-10	 6.313077e-09	-6.587337e-07	-7.743382e-07	-7.502983e-12	0.000000e+00	0.000000e+00	-1.546478e-07	-2.584295e-09	 8.102821e-07	 1.431250e-05	
 4.505344e-06	 2.425336e-06	-1.902628e-03	 1.980992e-04	 1.460793e-04	 4.144443e-03	-8.376843e-06	 5.322516e-04	 2.537417e-02	-6.505856e-04	 7.126532e-04	 5.041418e-02	 4.234931e-02	 1.704240e-02	-5.241078e-03	 1.379578e-02	 1.835458e-03	 3.462614e-03	 5.968390e-03	-1.442340e-03	 9.013992e-07	 9.884094e-06	 1.536294e-05	 9.022441e-06	-3.997990e-05	-1.192427e-04	-6.779672e-07	 2.941880e-07	 2.074860e-06	 2.920251e-05	-2.097990e-06	 2.750496e-01	 2.760522e-01	-1.222371e-08	-6.587337e-07	 5.317505e-04	 9.932294e-04	 8.794361e-10	0.000000e+00	0.000000e+00	 1.593862e-04	 1.449408e-06	-1.877131e-04	-4.318143e-02	
 8.346589e-06	 7.542536e-06	 8.747580e-04	 3.752875e-04	 2.766462e-04	 7.477811e-03	-1.004014e-05	 9.940863e-04	 4.864158e-02	-1.270053e-03	 1.312651e-03	 9.967366e-02	 8.376081e-02	 3.424721e-02	-8.337780e-03	 2.704406e-02	 3.641991e-03	 6.665808e-03	 1.172577e-02	-1.860636e-03	 1.596583e-06	 1.826243e-05	 2.839347e-05	 2.071950e-05	-7.616281e-05	-1.932566e-04	-1.334387e-06	 6.074764e-07	 3.895448e-06	 5.078066e-05	-2.514587e-06	 2.947011e-01	 2.959954e-01	-1.517742e-08	-7.743382e-07	 9.932294e-04	 1.895675e-03	 1.078296e-09	0.000000e+00	0.000000e+00	 3.013119e-04	 2.637143e-06	-2.997876e-04	-8.404259e-02	
 8.460443e-12	-3.921132e-11	-6.528016e-08	 2.576712e-10	 1.895051e-10	 1.085242e-08	-9.289466e-11	 8.813873e-10	 2.342886e-08	-2.768817e-10	 1.613714e-09	-2.886194e-10	 3.501623e-09	-5.528040e-09	-2.788599e-08	 4.453491e-09	 8.144215e-11	 2.661181e-09	 1.763778e-09	-1.332261e-08	 2.110431e-12	 1.856832e-11	 3.412642e-11	-4.374111e-11	-5.159352e-11	-6.410860e-10	-2.020696e-13	-2.903914e-13	 3.879735e-12	 1.043880e-10	-2.326540e-11	 3.506271e-06	 3.516060e-06	-1.278534e-13	-7.502983e-12	 8.794361e-10	 1.078296e-09	 9.411923e-15	0.000000e+00	0.000000e+00	 2.110172e-10	 3.402970e-12	-1.026363e-09	-2.311142e-08	
0.000000e+00	0.000000e+00	0.000000e+00	0.000000e+00	0.000000e+00	0.000000e+00	0.000000e+00	0.000000e+00	0.000000e+00	0.000000e+00	0.000000e+00	0.000000e+00	0.000000e+00	0.000000e+00	0.000000e+00	0.000000e+00	0.000000e+00	0.000000e+00	0.000000e+00	0.000000e+00	0.000000e+00	0.000000e+00	0.000000e+00	0.000000e+00	0.000000e+00	0.000000e+00	0.000000e+00	0.000000e+00	0.000000e+00	0.000000e+00	0.000000e+00	0.000000e+00	0.000000e+00	0.000000e+00	0.000000e+00	0.000000e+00	0.000000e+00	0.000000e+00	0.000000e+00	0.000000e+00	0.000000e+00	0.000000e+00	0.000000e+00	0.000000e+00	
0.000000e+00	0.000000e+00	0.000000e+00	0.000000e+00	0.000000e+00	0.000000e+00	0.000000e+00	0.000000e+00	0.000000e+00	0.000000e+00	0.000000e+00	0.000000e+00	0.000000e+00	0.000000e+00	0.000000e+00	0.000000e+00	0.000000e+00	0.000000e+00	0.000000e+00	0.000000e+00	0.000000e+00	0.000000e+00	0.000000e+00	0.000000e+00	0.000000e+00	0.000000e+00	0.000000e+00	0.000000e+00	0.000000e+00	0.000000e+00	0.000000e+00	0.000000e+00	0.000000e+00	0.000000e+00	0.000000e+00	0.000000e+00	0.000000e+00	0.000000e+00	0.000000e+00	0.000000e+00	0.000000e+00	0.000000e+00	0.000000e+00	0.000000e+00	
 1.352316e-06	 9.806516e-07	-1.374330e-04	 5.996131e-05	 4.425531e-05	 1.219435e-03	-1.987142e-06	 1.595300e-04	 7.697451e-03	-2.003078e-04	 2.164616e-04	 1.565521e-02	 1.308759e-02	 5.317508e-03	-1.432047e-03	 4.246855e-03	 5.704631e-04	 1.059224e-03	 1.844391e-03	-3.487973e-04	 3.658901e-07	 2.929894e-06	 4.384962e-06	 3.031373e-06	-1.191189e-05	-3.318802e-05	-2.086648e-07	 9.192046e-08	 6.210035e-07	 8.438166e-06	-4.976862e-07	 6.183526e-02	 6.208179e-02	-2.947784e-09	-1.546478e-07	 1.593862e-04	 3.013119e-04	 2.110172e-10	0.000000e+00	0.000000e+00	 4.822054e-05	 4.302620e-07	-5.161961e-05	-1.327508e-02	
 1.736155e-08	-2.588557e-08	 2.934389e-05	 7.237853e-07	 5.692259e-07	 1.977684e-05	-3.226382e-08	 1.450915e-06	 9.554601e-05	-3.129294e-06	 6.843167e-06	 1.526520e-04	 1.269591e-04	 2.109087e-05	-5.271025e-05	 3.504514e-05	 6.721168e-06	 1.111938e-05	 2.496843e-05	 1.078331e-07	 8.062518e-09	 6.247838e-08	 1.066131e-07	-8.913676e-08	-3.894166e-07	-3.890405e-07	-1.843659e-09	 2.649736e-09	 1.027558e-08	 1.779182e-07	-8.080428e-09	 9.543587e-04	 9.580723e-04	-4.739632e-11	-2.584295e-09	 1.449408e-06	 2.637143e-06	 3.402970e-12	0.000000e+00	0.000000e+00	 4.302620e-07	 8.614548e-08	-5.028875e-07	-1.103378e-04	
-1.743858e-06	 4.386130e-06	 5.744686e-03	 8.899188e-06	-4.557772e-05	 1.425133e-03	 1.005504e-05	-1.879900e-04	-9.348223e-03	 2.233584e-04	-4.761981e-04	-1.485329e-02	-7.901612e-03	-1.399656e-04	 8.796054e-03	-4.825881e-03	-4.892169e-04	-1.315325e-03	-1.918273e-03	 2.374674e-03	-8.445497e-07	-3.293758e-06	-6.282497e-06	 1.246460e-06	 1.555790e-05	 1.027227e-04	 9.280184e-08	-6.104663e-08	 2.395011e-06	 1.618349e-05	 2.518290e-06	-3.742660e-01	-3.753503e-01	 1.401212e-08	 8.102821e-07	-1.877131e-04	-2.997876e-04	-1.026363e-09	0.000000e+00	0.000000e+00	-5.161961e-05	-5.028875e-07	 1.660696e-04	 1.062330e-02	
-3.655088e-04	-6.314896e-04	-1.651118e-01	-1.611862e-02	-1.181662e-02	-2.716226e-01	 2.020098e-04	-4.321560e-02	-2.116699e+00	 5.654244e-02	-5.165784e-02	-4.649293e+00	-3.817289e+00	-1.604659e+00	 2.560055e-01	-1.209036e+00	-1.558043e-01	-2.923475e-01	-5.246367e-01	 3.608431e-02	-1.158586e-05	-8.004533e-04	-1.005421e-03	-1.141216e-03	 3.390528e-03	 6.672304e-03	 5.732574e-05	-2.863399e-05	-1.320976e-04	-1.618589e-03	 5.059585e-05	-3.764643e+00	-3.796716e+00	 3.353892e-07	 1.431250e-05	-4.318143e-02	-8.404259e-02	-2.311142e-08	0.000000e+00	0.000000e+00	-1.327508e-02	-1.103378e-04	 1.062330e-02	 3.854143e+00	
