# logA n_s H0 omega_b omega_cdm tau_reio zeta_IG delta_IG A_planck calib_100T calib_217T A_cib_217 xi_sz_cib A_sz ksz_norm gal545_A_100 gal545_A_143 gal545_A_143_217 gal545_A_217 ps_A_100_100 ps_A_143_143 ps_A_143_217 ps_A_217_217 galf_TE_A_100 galf_TE_A_100_143 galf_TE_A_100_217 galf_TE_A_143 galf_TE_A_143_217 galf_TE_A_217
3.001351151143030033e-04 3.761948064507480017e-05 4.564428987775242391e-03 2.008816157363035562e-06 6.277861679638026797e-06 9.867951110025326058e-05 5.151048133839011024e-06 3.308067724898086149e-04 8.668505097904766137e-06 -1.424859501118328337e-07 4.685464155125341924e-09 8.920586491390693640e-04 -6.818639585782585757e-06 -4.520995566863868979e-04 -3.958215122369879917e-04 -7.306635589205039485e-04 -9.548257867861812027e-04 -9.989118488356375260e-04 6.230124634269598293e-04 4.963384388449197985e-06 4.780497391809154437e-03 3.580039474133543762e-03 4.156995021710167652e-03 5.214687753816024936e-06 -3.109818142554819517e-06 -1.336379560700327517e-05 -2.465033174386939776e-05 -2.439714560733732124e-05 -1.211722840070911310e-04
3.761948064507480017e-05 2.253621753427423007e-05 2.105782391761026016e-03 6.426464267924419448e-07 1.161278170578424624e-06 7.041289278809029223e-06 1.953477245657211969e-06 1.015104372488181484e-04 3.069251731517837739e-07 -1.519696785791732568e-07 -5.157397209038386837e-08 -2.965583380848742234e-03 7.556176209494279298e-05 6.468064101148151418e-04 -1.753187367919241966e-03 1.349148446691974363e-04 -4.072540081323468069e-04 -3.047785608941474406e-04 8.647466259087863930e-04 -1.871911782119893911e-02 -2.029135228005162980e-03 3.768319215334375340e-03 5.425902639516740587e-03 1.209691839729090573e-06 -9.336944204091593026e-07 -3.364047165791433060e-06 -8.647825600793334586e-06 -9.453210448443139018e-06 -5.131350390704949124e-05
4.564428987775242391e-03 2.105782391761026016e-03 7.667464673519206464e-01 8.409481673854095958e-05 3.904446256713634510e-04 2.667030123788507361e-04 8.269737983269287050e-04 1.165262724103544208e-02 -3.900208291366958615e-05 -1.102899443803985389e-05 4.866533303175239377e-06 3.132276923025159032e-01 -8.015189137692217691e-03 -5.400578843297076242e-02 1.390329728564799749e-01 5.985868266978577358e-03 3.231358679404292694e-02 6.504559320131392264e-02 -3.128987589795354657e-03 1.311463981601273199e+00 8.232330190386847324e-01 2.802942921036417068e-01 -1.801211579104914154e-02 1.595269168428655479e-04 -1.030054766248118234e-04 1.048140711854224144e-03 -5.852630232349287755e-04 -6.869663520596229998e-04 -8.672808440577293131e-04
2.008816157363035562e-06 6.426464267924419448e-07 8.409481673854095958e-05 4.828496302533013320e-08 1.129394677223688513e-07 1.986922840541440280e-07 8.348903852155523627e-08 6.088438312888256427e-06 1.748992098209212728e-09 -1.052142726154230340e-09 -1.728604489863392467e-10 -1.041580098093963147e-05 1.187503826999314060e-07 2.310671058587585065e-06 -1.164676678626541992e-05 -8.668149256952067594e-06 -1.679514725427077614e-05 -1.854098230130447794e-05 -1.654094277162429519e-05 -1.802415197990313571e-04 4.693369377813495540e-06 2.955995997422734763e-05 2.646153105805874051e-05 2.816260440454997487e-08 -1.477461678151948071e-07 -2.909097273609601437e-07 -5.912855760202229533e-07 -8.699033868291019230e-07 -2.994446163289073215e-06
6.277861679638026797e-06 1.161278170578424624e-06 3.904446256713634510e-04 1.129394677223688513e-07 2.058195157780303429e-06 -2.824852259789892934e-06 1.061883296494496903e-06 3.382308633628338946e-05 -2.701855637919505646e-07 -3.505079231759681067e-08 1.505075701893776299e-08 7.498711956626882445e-04 -1.904190748454200643e-05 -1.758330755953294163e-04 2.924025406683192891e-04 -4.395374022633898582e-06 5.460842090608209262e-05 8.356000059885484792e-05 -1.181639905810606054e-04 3.352706866082767571e-03 2.235672651215487531e-03 7.789340624288879121e-04 6.004786946447931224e-05 7.479533581580323952e-07 4.292427604405993321e-07 -1.013678215709465259e-06 7.619903491317249570e-07 -7.679836747615645289e-08 9.144319170441614743e-07
9.867951110025326058e-05 7.041289278809029223e-06 2.667030123788507361e-04 1.986922840541440280e-07 -2.824852259789892934e-06 5.466868794803575628e-05 -9.759904410104625557e-07 -5.528556508891685864e-07 -1.050680457685051130e-06 1.073568803647328416e-08 -2.144476974272050920e-08 -1.522449538958008585e-03 2.851726924190189043e-05 3.306627123944223291e-04 -6.970966892197357758e-04 -1.539782445593956925e-04 -2.443264474906569478e-04 -3.883580657095291240e-04 -1.145562542979682003e-04 -9.405230479502885849e-03 -5.303131562344610972e-03 -2.263207752619015873e-03 -1.327817726642331608e-03 5.892840288033879800e-07 -4.796018512368271010e-07 -2.499542471005284179e-06 -7.582100038270426423e-06 -6.371183480895608047e-06 -4.691405023863679641e-05
5.151048133839011024e-06 1.953477245657211969e-06 8.269737983269287050e-04 8.348903852155522303e-08 1.061883296494496903e-06 -9.759904410104625557e-07 1.149208483013921736e-06 1.926618189241740623e-05 -1.440229861970419335e-07 -2.301879225364543787e-08 1.106469653751364268e-08 6.003655094408142431e-04 -1.535420780377299795e-05 -1.225511524401579489e-04 2.566931880472694914e-04 1.242727440676778721e-05 6.625902247951217909e-05 1.074127301666399540e-04 -3.829582452446299984e-05 2.698641947122300613e-03 1.648229426820560419e-03 5.411785922263398149e-04 -1.684294449608635816e-05 3.850742893200783326e-07 1.843705162819568020e-07 9.172520085359806010e-07 1.900645649136890485e-07 9.053442614824997494e-08 2.224994329247073106e-06
3.308067724898086149e-04 1.015104372488181484e-04 1.165262724103544208e-02 6.088438312888256427e-06 3.382308633628338946e-05 -5.528556508891685864e-07 1.926618189241740623e-05 1.224006055533710148e-03 -1.658490497698789714e-06 -8.824901307075536247e-07 2.755638226121619950e-07 1.330500394184419566e-02 -2.749992031047578936e-04 -2.870316087576987255e-03 4.237830734991755548e-03 -1.215733864648387919e-03 -9.290297093401395220e-04 -8.589553531896911487e-04 -4.924764971567341214e-03 3.324854667387118490e-02 3.900650561100987845e-02 1.669865593190247854e-02 2.649392709454702430e-03 1.268787993804795727e-05 -7.923874798635530424e-06 -4.120695341985966819e-05 -4.675488150522911514e-05 -6.416196263280106525e-05 -2.745241126322795367e-04
8.668505097904766137e-06 3.069251731517837739e-07 -3.900208291366958615e-05 1.748992098209212728e-09 -2.701855637919505646e-07 -1.050680457685051130e-06 -1.440229861970419070e-07 -1.658490497698789926e-06 5.966446153679514588e-06 -1.183386995793395680e-08 -1.772013185499720557e-08 2.555529399338760479e-04 2.270857272680176083e-06 1.671309341687571683e-05 -1.233959375525532695e-05 4.337282963700900550e-05 4.102411558278110408e-05 8.865717656176178127e-05 1.140701927807953120e-03 2.882834299619301075e-03 2.847337036167468566e-04 3.870667852844726317e-04 1.590635390718892319e-03 -2.292391776567617516e-07 -6.390324932755628623e-07 8.902495575770282272e-07 -6.269471514666245487e-07 1.112333909865167500e-06 1.097473697898319458e-05
-1.424859501118328337e-07 -1.519696785791732568e-07 -1.102899443803985389e-05 -1.052142726154230340e-09 -3.505079231759681067e-08 1.073568803647328416e-08 -2.301879225364544449e-08 -8.824901307075536247e-07 -1.183386995793395680e-08 3.811463399409678450e-07 -1.163390233155642382e-09 -1.931840478098878022e-04 2.728220240628283014e-06 1.195150162147882165e-04 -9.024473629009093433e-05 1.935016059468655221e-04 -1.803765945541184446e-04 -3.237077038351815120e-05 4.688513199744598250e-05 3.565182377516855957e-03 2.148217749663316350e-05 4.160807833255874871e-04 4.625411903672662912e-04 -2.860521110979035406e-07 -9.795980758688194442e-08 -2.192418873778534692e-07 -1.619094972307351104e-07 4.878197828689633185e-08 -8.130790651477190208e-07
4.685464155125341924e-09 -5.157397209038386837e-08 4.866533303175239377e-06 -1.728604489863392467e-10 1.505075701893776299e-08 -2.144476974272050920e-08 1.106469653751363937e-08 2.755638226121621538e-07 -1.772013185499720557e-08 -1.163390233155642382e-09 3.847170526489134959e-07 7.228787611046990540e-04 -1.342748970295970304e-06 -2.860825151532813099e-05 -4.569172158948485714e-06 -1.193994731872654054e-05 -4.852264133035501356e-05 3.980066400752725261e-04 8.959610062867260456e-04 4.907090187091775252e-04 1.393288886166220496e-04 -3.087264670060215800e-04 -1.294871695012277937e-03 3.810758951613759827e-08 -2.210787759302244685e-07 -2.753064390928560874e-07 -1.564669159003921883e-07 -4.248713793686170307e-07 6.206196048395405181e-07
8.920586491390693640e-04 -2.965583380848742234e-03 3.132276923025159032e-01 -1.041580098093962978e-05 7.498711956626882445e-04 -1.522449538958008585e-03 6.003655094408142431e-04 1.330500394184419392e-02 2.555529399338760479e-04 -1.931840478098878022e-04 7.228787611046990540e-04 4.430221673428403051e+01 -3.867276510751019303e-01 -7.133868413627425520e-01 -1.943198526123046943e-01 2.260964775405701621e-01 5.637143284019089373e-01 -5.652150396482520378e+00 -3.284790678550598386e+01 3.529001575516682010e+01 2.358710244873939210e+00 -1.214720555969184090e+01 -5.426351116332518387e+01 8.627540505768023765e-05 -1.146342872583473315e-04 6.431737607603875070e-03 -1.026939986423417057e-03 -5.800835811432362987e-04 4.062939474022185873e-03
-6.818639585782580675e-06 7.556176209494277942e-05 -8.015189137692214222e-03 1.187503826999314722e-07 -1.904190748454200643e-05 2.851726924190189382e-05 -1.535420780377299795e-05 -2.749992031047578936e-04 2.270857272680178624e-06 2.728220240628283014e-06 -1.342748970295970516e-06 -3.867276510751019303e-01 8.164047264570784002e-02 -4.435190078200691027e-02 4.044933501174598905e-02 -8.033841518543654095e-03 1.314286746582232941e-02 1.121745845244949413e-01 1.381432913145060337e-01 -5.896317573365177367e-01 9.028491199764586694e-01 1.668176234155719140e+00 6.174632726587405696e-01 1.289501241269785427e-04 -1.550894555145259388e-05 1.877242690449461597e-04 -1.085534555140243567e-04 1.094972873963824344e-04 3.455063568277896282e-04
-4.520995566863868437e-04 6.468064101148151418e-04 -5.400578843297076242e-02 2.310671058587584642e-06 -1.758330755953294434e-04 3.306627123944223291e-04 -1.225511524401579760e-04 -2.870316087576986388e-03 1.671309341687573038e-05 1.195150162147882165e-04 -2.860825151532813776e-05 -7.133868413627425520e-01 -4.435190078200691027e-02 3.911940691646279777e+00 -2.847782866693675974e+00 -2.222982909926105866e-01 1.323846619542170810e-01 2.664796579560321010e+00 3.252779141201214586e+00 -3.037122700547436693e+01 -3.334118270465034506e+00 7.704283067814954755e+00 5.222443357417756893e+00 -5.049790756687440752e-04 -2.846138585264605561e-04 -1.260868758491819107e-03 -1.138953242305019639e-03 1.575481983061998879e-04 -6.783277239533328819e-03
-3.958215122369878290e-04 -1.753187367919241966e-03 1.390329728564800027e-01 -1.164676678626541654e-05 2.924025406683193433e-04 -6.970966892197357758e-04 2.566931880472694914e-04 4.237830734991754680e-03 -1.233959375525533034e-05 -9.024473629009094789e-05 -4.569172158948498420e-06 -1.943198526123047221e-01 4.044933501174599599e-02 -2.847782866693675974e+00 6.221359569814644885e+00 1.366931941155708485e-01 -1.154367801665806686e-01 -2.091289435172062117e+00 -2.337901291772892520e+00 1.469982592017846734e+01 -5.011995847257018966e+00 -1.231554920285617527e+01 -9.452710436527405946e+00 3.089444055873672552e-04 2.389756038900553610e-04 2.508319681722436054e-03 2.446896554656138346e-04 1.539679007015999071e-03 4.468682513713091893e-03
-7.306635589205040570e-04 1.349148446691974363e-04 5.985868266978575623e-03 -8.668149256952065900e-06 -4.395374022633892652e-06 -1.539782445593956654e-04 1.242727440676779568e-05 -1.215733864648387919e-03 4.337282963700900550e-05 1.935016059468654950e-04 -1.193994731872654562e-05 2.260964775405702176e-01 -8.033841518543652360e-03 -2.222982909926105866e-01 1.366931941155708485e-01 3.368029824319810572e+00 5.071780094738781441e-01 8.991325812409821372e-02 -5.381160251815772511e-02 -6.098727883145039996e+00 -3.547333680924890098e-01 -8.697179666205445692e-01 -6.922311659947367746e-01 1.650980008628505596e-04 8.743484680106481917e-04 5.773718599929786571e-04 -1.184967219552675397e-03 1.502827135586837530e-03 -7.084235176445000896e-04
-9.548257867861812027e-04 -4.072540081323468069e-04 3.231358679404292694e-02 -1.679514725427077275e-05 5.460842090608210617e-05 -2.443264474906568936e-04 6.625902247951217909e-05 -9.290297093401395220e-04 4.102411558278109730e-05 -1.803765945541184446e-04 -4.852264133035501356e-05 5.637143284019089373e-01 1.314286746582233115e-02 1.323846619542170810e-01 -1.154367801665806964e-01 5.071780094738782552e-01 3.195020525417874513e+00 2.713330405320753425e+00 2.688939845514975779e+00 5.913442478894884502e+00 -1.268057921208712857e+00 -6.681948947259147564e-01 -1.313740520748829077e+00 8.906211855036255589e-04 -4.484018052209184718e-05 -7.151407150999058993e-05 2.028161804473617284e-04 1.502025509114764384e-03 -1.390798871970968251e-03
-9.989118488356377428e-04 -3.047785608941474406e-04 6.504559320131393652e-02 -1.854098230130447794e-05 8.356000059885480727e-05 -3.883580657095291240e-04 1.074127301666399404e-04 -8.589553531896908234e-04 8.865717656176178127e-05 -3.237077038351813765e-05 3.980066400752725261e-04 -5.652150396482520378e+00 1.121745845244949552e-01 2.664796579560321010e+00 -2.091289435172062117e+00 8.991325812409819984e-02 2.713330405320753425e+00 1.082006613611039469e+01 1.918555024620405547e+01 -1.159984179021305728e+01 3.522054198218013799e+00 5.095039898622880870e+00 5.348587928822674087e+00 1.835883280452319476e-05 -4.550859961112090177e-04 -2.418056559153527324e-03 -1.115380893083154241e-04 1.194005482787568323e-03 5.339208230163543407e-03
6.230124634269598293e-04 8.647466259087863930e-04 -3.128987589795341213e-03 -1.654094277162429519e-05 -1.181639905810606054e-04 -1.145562542979681461e-04 -3.829582452446297274e-05 -4.924764971567342081e-03 1.140701927807953120e-03 4.688513199744596895e-05 8.959610062867260456e-04 -3.284790678550597676e+01 1.381432913145060337e-01 3.252779141201214586e+00 -2.337901291772892964e+00 -5.381160251815771123e-02 2.688939845514975779e+00 1.918555024620405192e+01 5.318803548706600992e+01 -2.261789173323662894e+01 4.152283357710772727e+00 8.014474423358993960e+00 3.286686784984012633e+01 -8.172345458196544638e-04 -1.110126343383635887e-03 -6.678171669530929937e-03 8.074000694919812897e-04 -1.086362721795303653e-03 2.050425251617835412e-02
4.963384388448701623e-06 -1.871911782119893911e-02 1.311463981601273199e+00 -1.802415197990313571e-04 3.352706866082767138e-03 -9.405230479502885849e-03 2.698641947122300613e-03 3.324854667387118490e-02 2.882834299619301075e-03 3.565182377516855957e-03 4.907090187091775252e-04 3.529001575516682010e+01 -5.896317573365177367e-01 -3.037122700547436693e+01 1.469982592017846734e+01 -6.098727883145039996e+00 5.913442478894884502e+00 -1.159984179021305728e+01 -2.261789173323662894e+01 7.839716106017672246e+02 7.152210331230941165e+01 -5.396085443699980999e+01 -5.926455366871779518e+01 -9.558613259888419471e-04 -2.331420359264481346e-04 2.496588409668385952e-02 2.939790353013494589e-02 -1.216079807464694532e-02 8.274635316238136695e-02
4.780497391809154437e-03 -2.029135228005162980e-03 8.232330190386847324e-01 4.693369377813493846e-06 2.235672651215487531e-03 -5.303131562344611839e-03 1.648229426820560419e-03 3.900650561100987151e-02 2.847337036167468566e-04 2.148217749663316689e-05 1.393288886166220496e-04 2.358710244873939210e+00 9.028491199764586694e-01 -3.334118270465034506e+00 -5.011995847257017189e+00 -3.547333680924891208e-01 -1.268057921208712635e+00 3.522054198218013799e+00 4.152283357710772727e+00 7.152210331230941165e+01 6.362915775923731587e+01 4.149191278158178164e+01 1.571278264231663790e+01 1.791785863543791327e-03 1.377001409246963451e-03 3.959943438242763750e-03 7.057319287692593972e-03 3.725697367251184361e-03 4.993142582019052117e-02
3.580039474133543329e-03 3.768319215334374906e-03 2.802942921036417623e-01 2.955995997422733746e-05 7.789340624288881290e-04 -2.263207752619015006e-03 5.411785922263398149e-04 1.669865593190247854e-02 3.870667852844723064e-04 4.160807833255874329e-04 -3.087264670060216342e-04 -1.214720555969184090e+01 1.668176234155719140e+00 7.704283067814954755e+00 -1.231554920285617527e+01 -8.697179666205443471e-01 -6.681948947259147564e-01 5.095039898622879981e+00 8.014474423358993960e+00 -5.396085443699980999e+01 4.149191278158178164e+01 8.580792382049989442e+01 5.286902413779088050e+01 2.777156361627703719e-03 -1.397642283891266878e-04 -3.573650756072880132e-04 9.393038905476244966e-05 5.939587525562597427e-03 1.800269653135054201e-02
4.156995021710169387e-03 5.425902639516740587e-03 -1.801211579104913460e-02 2.646153105805874051e-05 6.004786946447931224e-05 -1.327817726642331608e-03 -1.684294449608639543e-05 2.649392709454701997e-03 1.590635390718892319e-03 4.625411903672662912e-04 -1.294871695012277937e-03 -5.426351116332518387e+01 6.174632726587405696e-01 5.222443357417756893e+00 -9.452710436527407722e+00 -6.922311659947366635e-01 -1.313740520748829077e+00 5.348587928822674087e+00 3.286686784984012633e+01 -5.926455366871778807e+01 1.571278264231663790e+01 5.286902413779088761e+01 1.030808764349497295e+02 1.783717726828295018e-03 4.991016492002306329e-04 -8.585232599875126935e-03 4.484726516159011009e-03 4.925586522954265856e-03 2.325211570627962188e-03
5.214687753816023242e-06 1.209691839729090996e-06 1.595269168428655208e-04 2.816260440454999472e-08 7.479533581580320775e-07 5.892840288033876624e-07 3.850742893200784385e-07 1.268787993804795558e-05 -2.292391776567619633e-07 -2.860521110979035936e-07 3.810758951613753871e-08 8.627540505767974975e-05 1.289501241269785155e-04 -5.049790756687438584e-04 3.089444055873676346e-04 1.650980008628506680e-04 8.906211855036255589e-04 1.835883280452314733e-05 -8.172345458196539217e-04 -9.558613259888424892e-04 1.791785863543790894e-03 2.777156361627702852e-03 1.783717726828295018e-03 1.470375111059817920e-03 2.676096216807312867e-04 1.033638552055304491e-04 -3.969500638180341627e-04 -9.917971337193062624e-05 -1.490676525741692229e-04
-3.109818142554818670e-06 -9.336944204091595143e-07 -1.030054766248118505e-04 -1.477461678151948336e-07 4.292427604405993321e-07 -4.796018512368269951e-07 1.843705162819568549e-07 -7.923874798635530424e-06 -6.390324932755629682e-07 -9.795980758688193118e-08 -2.210787759302244420e-07 -1.146342872583468436e-04 -1.550894555145260743e-05 -2.846138585264605561e-04 2.389756038900554965e-04 8.743484680106483001e-04 -4.484018052209165744e-05 -4.550859961112090177e-04 -1.110126343383635670e-03 -2.331420359264491917e-04 1.377001409246963884e-03 -1.397642283891269046e-04 4.991016492002303077e-04 2.676096216807312867e-04 8.583989295069016949e-04 3.449224013369130051e-05 7.445290366309363075e-04 7.649227636168513572e-05 -5.771701734471782830e-04
-1.336379560700327517e-05 -3.364047165791433060e-06 1.048140711854224144e-03 -2.909097273609601966e-07 -1.013678215709465048e-06 -2.499542471005285026e-06 9.172520085359804951e-07 -4.120695341985966819e-05 8.902495575770283331e-07 -2.192418873778534427e-07 -2.753064390928560345e-07 6.431737607603875070e-03 1.877242690449462952e-04 -1.260868758491818674e-03 2.508319681722436054e-03 5.773718599929786571e-04 -7.151407150999053572e-05 -2.418056559153528625e-03 -6.678171669530932539e-03 2.496588409668385258e-02 3.959943438242762015e-03 -3.573650756072835680e-04 -8.585232599875126935e-03 1.033638552055304627e-04 3.449224013369130051e-05 7.165926526411388851e-03 -3.132409744288015938e-04 6.433158921326533313e-04 4.555618816671717225e-03
-2.465033174386939438e-05 -8.647825600793334586e-06 -5.852630232349287755e-04 -5.912855760202229533e-07 7.619903491317248512e-07 -7.582100038270425576e-06 1.900645649136891280e-07 -4.675488150522912192e-05 -6.269471514666245487e-07 -1.619094972307350840e-07 -1.564669159003922412e-07 -1.026939986423417057e-03 -1.085534555140243974e-04 -1.138953242305019856e-03 2.446896554656134010e-04 -1.184967219552675397e-03 2.028161804473614302e-04 -1.115380893083156680e-04 8.074000694919815065e-04 2.939790353013494936e-02 7.057319287692593104e-03 9.393038905476343899e-05 4.484726516159011009e-03 -3.969500638180341627e-04 7.445290366309363075e-04 -3.132409744288015938e-04 2.955740554715353616e-03 5.536708120756945887e-04 -9.091237776027755353e-04
-2.439714560733731785e-05 -9.453210448443139018e-06 -6.869663520596229998e-04 -8.699033868291019230e-07 -7.679836747615662494e-08 -6.371183480895608047e-06 9.053442614825013376e-08 -6.416196263280107880e-05 1.112333909865167711e-06 4.878197828689630538e-08 -4.248713793686170307e-07 -5.800835811432364071e-04 1.094972873963824208e-04 1.575481983061995355e-04 1.539679007015998854e-03 1.502827135586837096e-03 1.502025509114764167e-03 1.194005482787569407e-03 -1.086362721795303653e-03 -1.216079807464695572e-02 3.725697367251185228e-03 5.939587525562596559e-03 4.925586522954265856e-03 -9.917971337193062624e-05 7.649227636168513572e-05 6.433158921326533313e-04 5.536708120756945887e-04 6.359725896916564557e-03 7.765616627852559364e-03
-1.211722840070911174e-04 -5.131350390704947768e-05 -8.672808440577287710e-04 -2.994446163289073215e-06 9.144319170441614743e-07 -4.691405023863678964e-05 2.224994329247072259e-06 -2.745241126322795367e-04 1.097473697898319627e-05 -8.130790651477191267e-07 6.206196048395399887e-07 4.062939474022186741e-03 3.455063568277896282e-04 -6.783277239533328819e-03 4.468682513713091026e-03 -7.084235176445009569e-04 -1.390798871970966516e-03 5.339208230163535601e-03 2.050425251617836453e-02 8.274635316238139471e-02 4.993142582019052117e-02 1.800269653135055242e-02 2.325211570627967825e-03 -1.490676525741692229e-04 -5.771701734471786083e-04 4.555618816671717225e-03 -9.091237776027753185e-04 7.765616627852559364e-03 7.253966415915666377e-02
