#          omega_b        omega_cdm               H0     logA              n_s         tau_reio          zeta_IG        A_cib_217        xi_sz_cib             A_sz     ps_A_100_100     ps_A_143_143     ps_A_143_217     ps_A_217_217         ksz_norm     gal545_A_100     gal545_A_143 gal545_A_143_217     gal545_A_217    galf_TE_A_100 galf_TE_A_100_143 galf_TE_A_100_217    galf_TE_A_143 galf_TE_A_143_217    galf_TE_A_217       calib_100T       calib_217T         A_planck         gamma_IG   sigma_final_IG     sigma_ini_IG sigma_prime_final_IG sigma_prime_ini_IG      G_eff_final        G_eff_ini     Gp_eff_final         gamma_pn          beta_pn              YHe      100*theta_s           sigma8             rs_d
 1.860315e-08	-5.810706e-08	 3.617022e-05	 3.190944e-07	 1.529786e-07	 1.741796e-07	-3.595096e-09	-7.083423e-05	 2.106995e-06	-2.329572e-07	-1.957351e-04	-1.444320e-04	-5.321206e-05	 1.174028e-05	-3.285404e-05	 6.955842e-07	-6.984448e-06	-1.998533e-05	-5.538522e-06	-1.013908e-08	-4.960336e-08	-1.520957e-08	-3.293618e-07	-4.052800e-07	-1.522607e-06	 1.450983e-09	-1.497947e-09	 1.402500e-08	-9.001318e-10	 3.250917e-04	 3.255147e-04	-6.814503e-12	-3.761815e-10	0.000000e+00	-2.781140e-08	 4.090755e-13	0.000000e+00	0.000000e+00	 5.388060e-09	 6.248341e-09	-1.137447e-07	-3.540260e-06	
-5.810706e-08	 1.114287e-06	-1.040113e-04	-2.643520e-06	-1.852817e-06	-2.614116e-06	 3.555574e-07	 2.762009e-04	-6.682901e-06	 4.294452e-06	 8.637544e-04	 8.266387e-04	 5.073685e-04	 1.553323e-04	 1.261825e-04	 8.939401e-06	 2.026207e-05	 7.629542e-05	-5.149949e-06	 2.733491e-07	-3.206938e-07	-8.136892e-07	 8.946757e-07	 9.275417e-07	 6.529747e-06	-9.944419e-09	 7.785631e-09	-1.938411e-07	 8.902186e-08	-1.885488e-02	-1.889456e-02	 5.506689e-10	 3.303254e-08	0.000000e+00	 2.688355e-06	-3.619198e-11	0.000000e+00	0.000000e+00	 2.236929e-07	-3.441757e-08	 4.663635e-06	-3.992039e-04	
 3.617022e-05	-1.040113e-04	 5.971471e-01	 1.736059e-03	 1.319597e-03	 6.600460e-04	 5.148482e-04	 8.013425e-02	-3.832657e-03	 1.303280e-02	 3.010169e-01	 1.087603e-01	-1.584951e-02	-4.625785e-02	 5.689505e-02	 3.247715e-02	 3.779768e-02	 4.134730e-02	 1.709350e-02	 1.947106e-04	 7.163509e-05	-1.076436e-03	-1.991527e-04	-1.162199e-03	-8.754375e-04	-5.315488e-06	-5.003675e-07	 2.120054e-05	 1.289056e-04	-2.968668e+01	-2.974334e+01	 7.542205e-07	 4.558518e-05	0.000000e+00	 3.869495e-03	-5.091115e-08	0.000000e+00	0.000000e+00	 3.730559e-04	 3.862907e-05	 4.005154e-03	-2.586158e-01	
 3.190944e-07	-2.643520e-06	 1.736059e-03	 2.017392e-04	 1.030944e-05	 9.411807e-05	 3.890122e-07	-1.522434e-03	 1.154482e-04	-4.263558e-04	-5.744026e-04	-6.510957e-04	 2.139121e-03	 4.465468e-03	-2.013008e-03	-6.000917e-05	-4.395458e-04	-1.526305e-03	-2.536931e-04	-8.134108e-07	 2.402658e-06	-4.766793e-06	 2.070927e-06	-3.746201e-06	-2.263515e-05	 2.525544e-08	-9.706722e-08	 8.898212e-06	 9.739314e-08	 6.964704e-02	 6.960306e-02	 5.347985e-10	 3.305338e-08	0.000000e+00	 2.885809e-06	-3.611883e-11	0.000000e+00	0.000000e+00	 4.031154e-07	 3.545808e-07	 7.847026e-05	 1.653001e-04	
 1.529786e-07	-1.852817e-06	 1.319597e-03	 1.030944e-05	 1.464302e-05	 7.468002e-06	 4.637072e-07	-3.505882e-03	 9.409124e-05	-1.654604e-04	-1.056500e-02	-2.099378e-03	 2.026795e-03	 5.059880e-03	-2.700756e-03	 3.876142e-04	-2.862474e-04	-8.719271e-04	 3.839138e-04	 6.852542e-08	 2.354381e-06	-3.385690e-06	-4.571341e-07	-2.656604e-06	-1.504415e-05	-1.026216e-07	-2.471283e-08	 2.573974e-07	 1.161011e-07	-2.694417e-02	-2.699456e-02	 6.375452e-10	 3.891053e-08	0.000000e+00	 3.461207e-06	-4.433635e-11	0.000000e+00	0.000000e+00	 3.851560e-07	 1.804808e-07	 5.046892e-06	 9.755142e-05	
 1.741796e-07	-2.614116e-06	 6.600460e-04	 9.411807e-05	 7.468002e-06	 5.214549e-05	-4.864622e-07	-1.141990e-03	 5.156545e-05	 7.774247e-05	-5.985408e-03	-3.422036e-03	-1.002886e-03	-1.068211e-03	-5.975898e-04	 6.965686e-05	-9.062798e-06	-5.811982e-04	-7.966474e-04	-2.180613e-06	 2.479058e-06	 7.377128e-07	 1.291207e-06	-4.743655e-06	-3.117689e-05	-3.073826e-08	-4.768095e-08	-1.301347e-06	-1.217973e-07	 7.274940e-02	 7.280403e-02	-7.795728e-10	-4.648328e-08	0.000000e+00	-3.694142e-06	 5.053344e-11	0.000000e+00	0.000000e+00	-2.671115e-07	 1.816313e-07	 2.828663e-05	 7.325908e-04	
-3.595096e-09	 3.555574e-07	 5.148482e-04	 3.890122e-07	 4.637072e-07	-4.864622e-07	 6.471275e-07	 2.362083e-04	-7.948797e-06	 1.318540e-05	 8.035314e-04	 5.457304e-04	 2.203595e-04	 7.155708e-06	 1.274829e-04	 3.350792e-05	 5.263031e-05	 9.104120e-05	 3.184644e-05	 2.681696e-07	 3.215496e-08	-1.355607e-06	 5.143997e-07	-4.125897e-07	 2.963478e-06	-1.044477e-08	 3.525443e-09	-6.323022e-08	 1.620245e-07	-3.715154e-02	-3.722304e-02	 9.610750e-10	 5.794848e-08	0.000000e+00	 4.870292e-06	-6.442465e-11	0.000000e+00	0.000000e+00	 4.485782e-07	-6.720394e-09	 5.737444e-06	-3.989466e-04	
-7.083423e-05	 2.762009e-04	 8.013425e-02	-1.522434e-03	-3.505882e-03	-1.141990e-03	 2.362083e-04	 4.531650e+01	-4.870085e-01	-1.165857e+00	 4.425206e+01	 4.321626e+00	-1.350783e+01	-5.357355e+01	-1.718075e+00	 2.814700e-01	 5.912492e-01	-6.181529e+00	-3.385259e+01	 9.671938e-04	 1.420100e-03	 1.804467e-03	-2.454263e-04	-2.784253e-03	-4.405572e-03	-1.829464e-04	 7.154728e-04	 6.146400e-04	 5.914250e-05	-8.665039e+00	-8.691122e+00	 3.530595e-07	 2.119012e-05	0.000000e+00	 1.779382e-03	-2.360913e-08	0.000000e+00	0.000000e+00	 1.340918e-04	 2.109070e-05	 1.063529e-03	-1.073928e-01	
 2.106995e-06	-6.682901e-06	-3.832657e-03	 1.154482e-04	 9.409124e-05	 5.156545e-05	-7.948797e-06	-4.870085e-01	 8.091655e-02	-3.298573e-02	-7.358759e-01	 1.099283e+00	 2.042961e+00	 8.004558e-01	 3.344135e-02	-8.262598e-03	 1.369171e-02	 1.574208e-01	 2.190696e-01	-1.753866e-05	 5.559881e-05	-1.595156e-04	-1.135536e-04	-4.435169e-06	 1.085909e-03	 5.966615e-06	-3.142454e-06	-8.429218e-06	-1.990119e-06	 2.590398e-01	 2.599197e-01	-1.187751e-08	-7.130290e-07	0.000000e+00	-5.984611e-05	 7.939765e-10	0.000000e+00	0.000000e+00	-4.630445e-06	-5.650133e-07	-6.460545e-06	 3.230887e-03	
-2.329572e-07	 4.294452e-06	 1.303280e-02	-4.263558e-04	-1.654604e-04	 7.774247e-05	 1.318540e-05	-1.165857e+00	-3.298573e-02	 3.469893e+00	-3.182078e+01	-7.884270e+00	 2.000063e+00	 1.065185e+00	 4.701070e-02	-1.767262e-01	 4.282991e-02	 2.180681e+00	 3.001876e+00	 4.694009e-04	-4.407404e-04	-3.426239e-04	-4.363489e-04	 7.709280e-04	-4.916660e-05	 1.012889e-04	-4.823235e-05	-5.142883e-05	 3.302653e-06	 2.743279e-01	 2.729256e-01	 1.883641e-08	 1.140663e-06	0.000000e+00	 9.951821e-05	-1.311393e-09	0.000000e+00	0.000000e+00	 9.064934e-06	 4.655156e-06	-1.196676e-04	-7.140730e-03	
-1.957351e-04	 8.637544e-04	 3.010169e-01	-5.744026e-04	-1.056500e-02	-5.985408e-03	 8.035314e-04	 4.425206e+01	-7.358759e-01	-3.182078e+01	 8.534584e+02	 1.269014e+02	-7.592218e+00	-2.292908e+01	-1.495066e+01	-5.625037e+00	 6.535430e+00	-1.149489e+01	-2.758091e+01	-7.672556e-03	-8.170154e-03	 6.243625e-03	 5.232602e-03	 5.897668e-04	 4.794797e-02	 3.686741e-03	 7.375500e-04	 3.532276e-03	 2.011871e-04	-1.244679e+01	-1.253249e+01	 1.159090e-06	 6.965471e-05	0.000000e+00	 6.051022e-03	-8.022838e-08	0.000000e+00	0.000000e+00	 4.753968e-04	-4.906898e-05	 5.356027e-03	-3.953919e-01	
-1.444320e-04	 8.266387e-04	 1.087603e-01	-6.510957e-04	-2.099378e-03	-3.422036e-03	 5.457304e-04	 4.321626e+00	 1.099283e+00	-7.884270e+00	 1.269014e+02	 9.170343e+01	 5.901207e+01	 2.708307e+01	-1.314884e+01	-1.603694e-01	-1.012019e+00	 1.725387e+00	 2.305219e-01	 2.718251e-04	 2.537121e-03	-1.008593e-03	 1.742334e-03	 1.293361e-03	 5.280239e-02	-4.027043e-06	 1.719448e-04	 6.269554e-04	 1.366406e-04	-4.050939e+01	-4.057015e+01	 8.262798e-07	 4.956225e-05	0.000000e+00	 4.113679e-03	-5.472362e-08	0.000000e+00	0.000000e+00	 3.183275e-04	-3.247605e-05	 6.015608e-03	-3.191052e-01	
-5.321206e-05	 5.073685e-04	-1.584951e-02	 2.139121e-03	 2.026795e-03	-1.002886e-03	 2.203595e-04	-1.350783e+01	 2.042961e+00	 2.000063e+00	-7.592218e+00	 5.901207e+01	 9.320746e+01	 5.418168e+01	-1.114125e+01	-5.092238e-01	-6.258644e-01	 2.710200e+00	 4.830851e+00	 9.644341e-04	 1.096468e-03	-2.084992e-03	-1.420687e-03	 5.295772e-03	 5.913182e-02	 3.218362e-04	-3.589057e-04	 9.387169e-05	 5.518047e-05	-1.773052e+01	-1.775510e+01	 3.370792e-07	 2.022200e-05	0.000000e+00	 1.664271e-03	-2.220640e-08	0.000000e+00	0.000000e+00	 1.308707e-04	-2.244072e-05	 4.890724e-03	-1.801127e-01	
 1.174028e-05	 1.553323e-04	-4.625785e-02	 4.465468e-03	 5.059880e-03	-1.068211e-03	 7.155708e-06	-5.357355e+01	 8.004558e-01	 1.065185e+00	-2.292908e+01	 2.708307e+01	 5.418168e+01	 1.027295e+02	-9.482220e+00	-3.904622e-01	-1.234065e+00	 3.373831e+00	 3.024771e+01	 1.236580e-03	-1.355926e-03	 5.856154e-04	 5.958142e-04	 1.017074e-02	 3.853159e-02	 3.518215e-04	-1.295867e-03	 1.258622e-03	 1.792051e-06	-6.608614e+00	-6.609869e+00	 1.986693e-08	 1.179037e-06	0.000000e+00	 5.626283e-05	-8.557997e-10	0.000000e+00	0.000000e+00	 1.022074e-05	-2.763334e-05	 3.927442e-03	-5.736306e-02	
-3.285404e-05	 1.261825e-04	 5.689505e-02	-2.013008e-03	-2.700756e-03	-5.975898e-04	 1.274829e-04	-1.718075e+00	 3.344135e-02	 4.701070e-02	-1.495066e+01	-1.314884e+01	-1.114125e+01	-9.482220e+00	 7.272924e+00	-8.322334e-02	-1.721688e-01	-3.757742e-01	 1.519210e-01	-5.116720e-05	-6.342715e-04	-9.721863e-04	 4.882630e-04	-1.202456e-03	-6.122685e-03	-1.393216e-05	-4.246746e-05	 2.979354e-05	 3.191748e-05	-9.733900e+00	-9.747940e+00	 1.899716e-07	 1.140882e-05	0.000000e+00	 9.600990e-04	-1.275305e-08	0.000000e+00	0.000000e+00	 7.470501e-05	 1.306231e-05	-2.685879e-04	-5.784620e-02	
 6.955842e-07	 8.939401e-06	 3.247715e-02	-6.000917e-05	 3.876142e-04	 6.965686e-05	 3.350792e-05	 2.814700e-01	-8.262598e-03	-1.767262e-01	-5.625037e+00	-1.603694e-01	-5.092238e-01	-3.904622e-01	-8.322334e-02	 3.326367e+00	 5.851096e-01	 1.906049e-01	 5.098936e-02	-2.389543e-04	 2.318581e-04	-1.139938e-03	 1.276068e-04	 7.408144e-04	-2.492888e-03	 1.839031e-04	-7.211699e-06	 9.646929e-06	 8.389973e-06	-2.442588e+00	-2.446263e+00	 4.909290e-08	 2.965843e-06	0.000000e+00	 2.519906e-04	-3.318100e-09	0.000000e+00	0.000000e+00	 2.357348e-05	 4.478540e-06	 3.465014e-04	-1.912266e-02	
-6.984448e-06	 2.026207e-05	 3.779768e-02	-4.395458e-04	-2.862474e-04	-9.062798e-06	 5.263031e-05	 5.912492e-01	 1.369171e-02	 4.282991e-02	 6.535430e+00	-1.012019e+00	-6.258644e-01	-1.234065e+00	-1.721688e-01	 5.851096e-01	 3.130697e+00	 2.579457e+00	 2.531243e+00	-1.136717e-04	-5.512663e-04	-1.919065e-03	 3.595098e-04	 4.105663e-04	-3.371395e-03	-1.730226e-04	-3.363613e-05	 5.080892e-06	 1.317670e-05	-2.718562e+00	-2.724564e+00	 8.056336e-08	 4.843208e-06	0.000000e+00	 3.959005e-04	-5.236938e-09	0.000000e+00	0.000000e+00	 3.361003e-05	-3.477674e-06	 1.656416e-04	-2.276322e-02	
-1.998533e-05	 7.629542e-05	 4.134730e-02	-1.526305e-03	-8.719271e-04	-5.811982e-04	 9.104120e-05	-6.181529e+00	 1.574208e-01	 2.180681e+00	-1.149489e+01	 1.725387e+00	 2.710200e+00	 3.373831e+00	-3.757742e-01	 1.906049e-01	 2.579457e+00	 1.040215e+01	 1.888791e+01	 4.245247e-04	-8.835420e-04	-3.853931e-03	-4.657751e-04	 2.310613e-03	 7.611532e-03	-9.308014e-06	 4.092816e-04	 2.154953e-05	 2.279454e-05	-5.592345e+00	-5.602391e+00	 1.356401e-07	 8.144489e-06	0.000000e+00	 6.855931e-04	-9.092925e-09	0.000000e+00	0.000000e+00	 5.481007e-05	-1.237400e-05	 2.465111e-05	-4.155004e-02	
-5.538522e-06	-5.149949e-06	 1.709350e-02	-2.536931e-04	 3.839138e-04	-7.966474e-04	 3.184644e-05	-3.385259e+01	 2.190696e-01	 3.001876e+00	-2.758091e+01	 2.305219e-01	 4.830851e+00	 3.024771e+01	 1.519210e-01	 5.098936e-02	 2.531243e+00	 1.888791e+01	 5.330480e+01	-3.847026e-04	-2.335657e-03	-5.120904e-03	-1.997205e-04	 4.052249e-03	 1.609839e-02	 5.843268e-05	 9.379116e-04	 8.477809e-04	 7.972600e-06	-5.174206e+00	-5.177749e+00	 4.744909e-08	 2.838510e-06	0.000000e+00	 2.394351e-04	-3.171042e-09	0.000000e+00	0.000000e+00	 1.978372e-05	-3.375153e-05	 1.988316e-04	-7.827448e-03	
-1.013908e-08	 2.733491e-07	 1.947106e-04	-8.134108e-07	 6.852542e-08	-2.180613e-06	 2.681696e-07	 9.671938e-04	-1.753866e-05	 4.694009e-04	-7.672556e-03	 2.718251e-04	 9.644341e-04	 1.236580e-03	-5.116720e-05	-2.389543e-04	-1.136717e-04	 4.245247e-04	-3.847026e-04	 1.455910e-03	 2.751215e-04	 6.988673e-05	-3.574483e-04	-9.747496e-05	-1.438352e-04	-7.974111e-08	-9.535704e-09	 1.297077e-06	 6.714279e-08	-2.407731e-02	-2.411032e-02	 4.460872e-10	 2.684551e-08	0.000000e+00	 2.019731e-06	-2.677930e-11	0.000000e+00	0.000000e+00	 1.823882e-07	 9.491289e-08	 2.485570e-06	-1.887285e-04	
-4.960336e-08	-3.206938e-07	 7.163509e-05	 2.402658e-06	 2.354381e-06	 2.479058e-06	 3.215496e-08	 1.420100e-03	 5.559881e-05	-4.407404e-04	-8.170154e-03	 2.537121e-03	 1.096468e-03	-1.355926e-03	-6.342715e-04	 2.318581e-04	-5.512663e-04	-8.835420e-04	-2.335657e-03	 2.751215e-04	 8.666459e-04	 3.215163e-05	 7.361773e-04	 6.363813e-05	-7.900634e-04	-3.259076e-07	 1.497012e-08	-7.235385e-07	 8.090340e-09	-3.469082e-02	-3.468798e-02	-4.459578e-11	-2.534428e-09	0.000000e+00	 2.437312e-07	-2.777448e-12	0.000000e+00	0.000000e+00	 4.162552e-10	-8.837602e-08	 9.808767e-07	 1.249170e-04	
-1.520957e-08	-8.136892e-07	-1.076436e-03	-4.766793e-06	-3.385690e-06	 7.377128e-07	-1.355607e-06	 1.804467e-03	-1.595156e-04	-3.426239e-04	 6.243625e-03	-1.008593e-03	-2.084992e-03	 5.856154e-04	-9.721863e-04	-1.139938e-03	-1.919065e-03	-3.853931e-03	-5.120904e-03	 6.988673e-05	 3.215163e-05	 7.163330e-03	-2.778599e-04	 6.412626e-04	 4.265474e-03	-1.813756e-08	-1.210852e-07	-2.126920e-06	-3.394696e-07	 1.656858e-01	 1.658201e-01	-1.806827e-09	-1.094227e-07	0.000000e+00	-1.021449e-05	 1.349090e-10	0.000000e+00	0.000000e+00	-9.490567e-07	 1.986239e-08	-1.454350e-05	 8.775392e-04	
-3.293618e-07	 8.946757e-07	-1.991527e-04	 2.070927e-06	-4.571341e-07	 1.291207e-06	 5.143997e-07	-2.454263e-04	-1.135536e-04	-4.363489e-04	 5.232602e-03	 1.742334e-03	-1.420687e-03	 5.958142e-04	 4.882630e-04	 1.276068e-04	 3.595098e-04	-4.657751e-04	-1.997205e-04	-3.574483e-04	 7.361773e-04	-2.778599e-04	 2.882045e-03	 5.501957e-04	-9.652167e-04	 2.061788e-07	-9.004174e-08	-6.000761e-07	 1.288145e-07	 8.473004e-02	 8.468412e-02	 6.342381e-10	 3.785637e-08	0.000000e+00	 3.888265e-06	-5.204087e-11	0.000000e+00	0.000000e+00	 2.179618e-07	-2.819487e-07	 8.193730e-06	-1.159465e-04	
-4.052800e-07	 9.275417e-07	-1.162199e-03	-3.746201e-06	-2.656604e-06	-4.743655e-06	-4.125897e-07	-2.784253e-03	-4.435169e-06	 7.709280e-04	 5.897668e-04	 1.293361e-03	 5.295772e-03	 1.017074e-02	-1.202456e-03	 7.408144e-04	 4.105663e-04	 2.310613e-03	 4.052249e-03	-9.747496e-05	 6.363813e-05	 6.412626e-04	 5.501957e-04	 6.462531e-03	 7.967893e-03	 9.757122e-08	 7.584752e-08	 1.883345e-06	-1.032679e-07	 2.408424e-01	 2.408888e-01	-5.992306e-10	-3.680209e-08	0.000000e+00	-3.083995e-06	 4.017359e-11	0.000000e+00	0.000000e+00	-4.592346e-07	-1.477677e-07	-3.511948e-07	 4.010936e-04	
-1.522607e-06	 6.529747e-06	-8.754375e-04	-2.263515e-05	-1.504415e-05	-3.117689e-05	 2.963478e-06	-4.405572e-03	 1.085909e-03	-4.916660e-05	 4.794797e-02	 5.280239e-02	 5.913182e-02	 3.853159e-02	-6.122685e-03	-2.492888e-03	-3.371395e-03	 7.611532e-03	 1.609839e-02	-1.438352e-04	-7.900634e-04	 4.265474e-03	-9.652167e-04	 7.967893e-03	 7.238351e-02	 1.019378e-06	-5.369569e-07	 8.966557e-06	 7.420035e-07	-4.749048e-01	-4.752629e-01	 4.886366e-09	 2.913799e-07	0.000000e+00	 2.233679e-05	-2.971032e-10	0.000000e+00	0.000000e+00	 1.412786e-06	-3.293389e-07	 3.372577e-05	-1.460353e-03	
 1.450983e-09	-9.944419e-09	-5.315488e-06	 2.525544e-08	-1.026216e-07	-3.073826e-08	-1.044477e-08	-1.829464e-04	 5.966615e-06	 1.012889e-04	 3.686741e-03	-4.027043e-06	 3.218362e-04	 3.518215e-04	-1.393216e-05	 1.839031e-04	-1.730226e-04	-9.308014e-06	 5.843268e-05	-7.974111e-08	-3.259076e-07	-1.813756e-08	 2.061788e-07	 9.757122e-08	 1.019378e-06	 3.779891e-07	 1.091568e-09	-5.810814e-09	-2.614863e-09	 1.406563e-03	 1.407804e-03	-1.676393e-11	-1.005593e-09	0.000000e+00	-7.862138e-08	 1.044506e-12	0.000000e+00	0.000000e+00	-6.651193e-09	 7.207609e-10	-1.290139e-07	 6.013015e-06	
-1.497947e-09	 7.785631e-09	-5.003675e-07	-9.706722e-08	-2.471283e-08	-4.768095e-08	 3.525443e-09	 7.154728e-04	-3.142454e-06	-4.823235e-05	 7.375500e-04	 1.719448e-04	-3.589057e-04	-1.295867e-03	-4.246746e-05	-7.211699e-06	-3.363613e-05	 4.092816e-04	 9.379116e-04	-9.535704e-09	 1.497012e-08	-1.210852e-07	-9.004174e-08	 7.584752e-08	-5.369569e-07	 1.091568e-09	 3.913003e-07	-9.425956e-09	 8.824627e-10	 1.347776e-03	 1.347401e-03	 5.109024e-12	 3.060343e-10	0.000000e+00	 2.652191e-08	-3.534852e-13	0.000000e+00	0.000000e+00	 1.816642e-09	 3.756917e-10	 8.703174e-09	-2.089505e-06	
 1.402500e-08	-1.938411e-07	 2.120054e-05	 8.898212e-06	 2.573974e-07	-1.301347e-06	-6.323022e-08	 6.146400e-04	-8.429218e-06	-5.142883e-05	 3.532276e-03	 6.269554e-04	 9.387169e-05	 1.258622e-03	 2.979354e-05	 9.646929e-06	 5.080892e-06	 2.154953e-05	 8.477809e-04	 1.297077e-06	-7.235385e-07	-2.126920e-06	-6.000761e-07	 1.883345e-06	 8.966557e-06	-5.810814e-09	-9.425956e-09	 5.989972e-06	-1.583350e-08	 3.366692e-03	 3.372863e-03	-8.581203e-11	-5.163656e-09	0.000000e+00	-4.782689e-07	 6.415269e-12	0.000000e+00	0.000000e+00	-3.817055e-08	 8.843036e-09	 2.608920e-06	 6.556715e-05	
-9.001318e-10	 8.902186e-08	 1.289056e-04	 9.739314e-08	 1.161011e-07	-1.217973e-07	 1.620245e-07	 5.914250e-05	-1.990119e-06	 3.302653e-06	 2.011871e-04	 1.366406e-04	 5.518047e-05	 1.792051e-06	 3.191748e-05	 8.389973e-06	 1.317670e-05	 2.279454e-05	 7.972600e-06	 6.714279e-08	 8.090340e-09	-3.394696e-07	 1.288145e-07	-1.032679e-07	 7.420035e-07	-2.614863e-09	 8.824627e-10	-1.583350e-08	 4.056689e-08	-9.297893e-03	-9.315790e-03	 2.406014e-10	 1.450725e-08	0.000000e+00	 1.219401e-06	-1.613029e-11	0.000000e+00	0.000000e+00	 1.123126e-07	-1.682719e-09	 1.436511e-06	-9.988583e-05	
 3.250917e-04	-1.885488e-02	-2.968668e+01	 6.964704e-02	-2.694417e-02	 7.274940e-02	-3.715154e-02	-8.665039e+00	 2.590398e-01	 2.743279e-01	-1.244679e+01	-4.050939e+01	-1.773052e+01	-6.608614e+00	-9.733900e+00	-2.442588e+00	-2.718562e+00	-5.592345e+00	-5.174206e+00	-2.407731e-02	-3.469082e-02	 1.656858e-01	 8.473004e-02	 2.408424e-01	-4.749048e-01	 1.406563e-03	 1.347776e-03	 3.366692e-03	-9.297893e-03	 5.335901e+04	 5.336458e+04	-7.480825e-05	-4.472342e-03	0.000000e+00	-2.789120e-01	 3.709302e-06	0.000000e+00	0.000000e+00	-2.572873e-02	 1.044606e-03	-2.853622e-01	 2.242231e+01	
 3.255147e-04	-1.889456e-02	-2.974334e+01	 6.960306e-02	-2.699456e-02	 7.280403e-02	-3.722304e-02	-8.691122e+00	 2.599197e-01	 2.729256e-01	-1.253249e+01	-4.057015e+01	-1.775510e+01	-6.609869e+00	-9.747940e+00	-2.446263e+00	-2.724564e+00	-5.602391e+00	-5.177749e+00	-2.411032e-02	-3.468798e-02	 1.658201e-01	 8.468412e-02	 2.408888e-01	-4.752629e-01	 1.407804e-03	 1.347401e-03	 3.372863e-03	-9.315790e-03	 5.336458e+04	 5.337015e+04	-7.492087e-05	-4.479118e-03	0.000000e+00	-2.794497e-01	 3.716425e-06	0.000000e+00	0.000000e+00	-2.577829e-02	 1.045344e-03	-2.859971e-01	 2.246650e+01	
-6.814503e-12	 5.506689e-10	 7.542205e-07	 5.347985e-10	 6.375452e-10	-7.795728e-10	 9.610750e-10	 3.530595e-07	-1.187751e-08	 1.883641e-08	 1.159090e-06	 8.262798e-07	 3.370792e-07	 1.986693e-08	 1.899716e-07	 4.909290e-08	 8.056336e-08	 1.356401e-07	 4.744909e-08	 4.460872e-10	-4.459578e-11	-1.806827e-09	 6.342381e-10	-5.992306e-10	 4.886366e-09	-1.676393e-11	 5.109024e-12	-8.581203e-11	 2.406014e-10	-7.480825e-05	-7.492087e-05	 1.514815e-12	 9.113733e-11	0.000000e+00	 7.228577e-09	-9.577943e-14	0.000000e+00	0.000000e+00	 6.657968e-10	-1.098046e-11	 8.561791e-09	-5.972421e-07	
-3.761815e-10	 3.303254e-08	 4.558518e-05	 3.305338e-08	 3.891053e-08	-4.648328e-08	 5.794848e-08	 2.119012e-05	-7.130290e-07	 1.140663e-06	 6.965471e-05	 4.956225e-05	 2.022200e-05	 1.179037e-06	 1.140882e-05	 2.965843e-06	 4.843208e-06	 8.144489e-06	 2.838510e-06	 2.684551e-08	-2.534428e-09	-1.094227e-07	 3.785637e-08	-3.680209e-08	 2.913799e-07	-1.005593e-09	 3.060343e-10	-5.163656e-09	 1.450725e-08	-4.472342e-03	-4.479118e-03	 9.113733e-11	 5.483701e-09	0.000000e+00	 4.358594e-07	-5.774688e-12	0.000000e+00	0.000000e+00	 4.015866e-08	-6.171124e-10	 5.160512e-07	-3.600343e-05	
0.000000e+00	0.000000e+00	0.000000e+00	0.000000e+00	0.000000e+00	0.000000e+00	0.000000e+00	0.000000e+00	0.000000e+00	0.000000e+00	0.000000e+00	0.000000e+00	0.000000e+00	0.000000e+00	0.000000e+00	0.000000e+00	0.000000e+00	0.000000e+00	0.000000e+00	0.000000e+00	0.000000e+00	0.000000e+00	0.000000e+00	0.000000e+00	0.000000e+00	0.000000e+00	0.000000e+00	0.000000e+00	0.000000e+00	0.000000e+00	0.000000e+00	0.000000e+00	0.000000e+00	0.000000e+00	0.000000e+00	0.000000e+00	0.000000e+00	0.000000e+00	0.000000e+00	0.000000e+00	0.000000e+00	0.000000e+00	
-2.781140e-08	 2.688355e-06	 3.869495e-03	 2.885809e-06	 3.461207e-06	-3.694142e-06	 4.870292e-06	 1.779382e-03	-5.984611e-05	 9.951821e-05	 6.051022e-03	 4.113679e-03	 1.664271e-03	 5.626283e-05	 9.600990e-04	 2.519906e-04	 3.959005e-04	 6.855931e-04	 2.394351e-04	 2.019731e-06	 2.437312e-07	-1.021449e-05	 3.888265e-06	-3.083995e-06	 2.233679e-05	-7.862138e-08	 2.652191e-08	-4.782689e-07	 1.219401e-06	-2.789120e-01	-2.794497e-01	 7.228577e-09	 4.358594e-07	0.000000e+00	 3.665450e-05	-4.848712e-10	0.000000e+00	0.000000e+00	 3.375694e-06	-5.126549e-08	 4.319961e-05	-3.004880e-03	
 4.090755e-13	-3.619198e-11	-5.091115e-08	-3.611883e-11	-4.433635e-11	 5.053344e-11	-6.442465e-11	-2.360913e-08	 7.939765e-10	-1.311393e-09	-8.022838e-08	-5.472362e-08	-2.220640e-08	-8.557997e-10	-1.275305e-08	-3.318100e-09	-5.236938e-09	-9.092925e-09	-3.171042e-09	-2.677930e-11	-2.777448e-12	 1.349090e-10	-5.204087e-11	 4.017359e-11	-2.971032e-10	 1.044506e-12	-3.534852e-13	 6.415269e-12	-1.613029e-11	 3.709302e-06	 3.716425e-06	-9.577943e-14	-5.774688e-12	0.000000e+00	-4.848712e-10	 6.414873e-15	0.000000e+00	0.000000e+00	-4.463794e-11	 7.164407e-13	-5.724302e-10	 3.986994e-08	
0.000000e+00	0.000000e+00	0.000000e+00	0.000000e+00	0.000000e+00	0.000000e+00	0.000000e+00	0.000000e+00	0.000000e+00	0.000000e+00	0.000000e+00	0.000000e+00	0.000000e+00	0.000000e+00	0.000000e+00	0.000000e+00	0.000000e+00	0.000000e+00	0.000000e+00	0.000000e+00	0.000000e+00	0.000000e+00	0.000000e+00	0.000000e+00	0.000000e+00	0.000000e+00	0.000000e+00	0.000000e+00	0.000000e+00	0.000000e+00	0.000000e+00	0.000000e+00	0.000000e+00	0.000000e+00	0.000000e+00	0.000000e+00	0.000000e+00	0.000000e+00	0.000000e+00	0.000000e+00	0.000000e+00	0.000000e+00	
0.000000e+00	0.000000e+00	0.000000e+00	0.000000e+00	0.000000e+00	0.000000e+00	0.000000e+00	0.000000e+00	0.000000e+00	0.000000e+00	0.000000e+00	0.000000e+00	0.000000e+00	0.000000e+00	0.000000e+00	0.000000e+00	0.000000e+00	0.000000e+00	0.000000e+00	0.000000e+00	0.000000e+00	0.000000e+00	0.000000e+00	0.000000e+00	0.000000e+00	0.000000e+00	0.000000e+00	0.000000e+00	0.000000e+00	0.000000e+00	0.000000e+00	0.000000e+00	0.000000e+00	0.000000e+00	0.000000e+00	0.000000e+00	0.000000e+00	0.000000e+00	0.000000e+00	0.000000e+00	0.000000e+00	0.000000e+00	
 5.388060e-09	 2.236929e-07	 3.730559e-04	 4.031154e-07	 3.851560e-07	-2.671115e-07	 4.485782e-07	 1.340918e-04	-4.630445e-06	 9.064934e-06	 4.753968e-04	 3.183275e-04	 1.308707e-04	 1.022074e-05	 7.470501e-05	 2.357348e-05	 3.361003e-05	 5.481007e-05	 1.978372e-05	 1.823882e-07	 4.162552e-10	-9.490567e-07	 2.179618e-07	-4.592346e-07	 1.412786e-06	-6.651193e-09	 1.816642e-09	-3.817055e-08	 1.123126e-07	-2.572873e-02	-2.577829e-02	 6.657968e-10	 4.015866e-08	0.000000e+00	 3.375694e-06	-4.463794e-11	0.000000e+00	0.000000e+00	 3.142912e-07	-2.065635e-09	 3.944021e-06	-2.792560e-04	
 6.248341e-09	-3.441757e-08	 3.862907e-05	 3.545808e-07	 1.804808e-07	 1.816313e-07	-6.720394e-09	 2.109070e-05	-5.650133e-07	 4.655156e-06	-4.906898e-05	-3.247605e-05	-2.244072e-05	-2.763334e-05	 1.306231e-05	 4.478540e-06	-3.477674e-06	-1.237400e-05	-3.375153e-05	 9.491289e-08	-8.837602e-08	 1.986239e-08	-2.819487e-07	-1.477677e-07	-3.293389e-07	 7.207609e-10	 3.756917e-10	 8.843036e-09	-1.682719e-09	 1.044606e-03	 1.045344e-03	-1.098046e-11	-6.171124e-10	0.000000e+00	-5.126549e-08	 7.164407e-13	0.000000e+00	0.000000e+00	-2.065635e-09	 8.125927e-08	 8.919381e-08	 5.396263e-06	
-1.137447e-07	 4.663635e-06	 4.005154e-03	 7.847026e-05	 5.046892e-06	 2.828663e-05	 5.737444e-06	 1.063529e-03	-6.460545e-06	-1.196676e-04	 5.356027e-03	 6.015608e-03	 4.890724e-03	 3.927442e-03	-2.685879e-04	 3.465014e-04	 1.656416e-04	 2.465111e-05	 1.988316e-04	 2.485570e-06	 9.808767e-07	-1.454350e-05	 8.193730e-06	-3.511948e-07	 3.372577e-05	-1.290139e-07	 8.703174e-09	 2.608920e-06	 1.436511e-06	-2.853622e-01	-2.859971e-01	 8.561791e-09	 5.160512e-07	0.000000e+00	 4.319961e-05	-5.724302e-10	0.000000e+00	0.000000e+00	 3.944021e-06	 8.919381e-08	 8.757570e-05	-3.841414e-03	
-3.540260e-06	-3.992039e-04	-2.586158e-01	 1.653001e-04	 9.755142e-05	 7.325908e-04	-3.989466e-04	-1.073928e-01	 3.230887e-03	-7.140730e-03	-3.953919e-01	-3.191052e-01	-1.801127e-01	-5.736306e-02	-5.784620e-02	-1.912266e-02	-2.276322e-02	-4.155004e-02	-7.827448e-03	-1.887285e-04	 1.249170e-04	 8.775392e-04	-1.159465e-04	 4.010936e-04	-1.460353e-03	 6.013015e-06	-2.089505e-06	 6.556715e-05	-9.988583e-05	 2.242231e+01	 2.246650e+01	-5.972421e-07	-3.600343e-05	0.000000e+00	-3.004880e-03	 3.986994e-08	0.000000e+00	0.000000e+00	-2.792560e-04	 5.396263e-06	-3.841414e-03	 2.997300e-01	
