# logA n_s H0 omega_b omega_cdm tau_reio zeta_IG A_planck calib_100T calib_217T A_cib_217 xi_sz_cib A_sz ksz_norm gal545_A_100 gal545_A_143 gal545_A_143_217 gal545_A_217 ps_A_100_100 ps_A_143_143 ps_A_143_217 ps_A_217_217 galf_TE_A_100 galf_TE_A_100_143 galf_TE_A_100_217 galf_TE_A_143 galf_TE_A_143_217 galf_TE_A_217
1.969836420812670012e-04 1.212999392401735263e-05 1.595938930802056612e-03 3.359500895700417312e-07 -3.385400667256272999e-06 9.376768075564029324e-05 3.839221098651585424e-09 8.327288216712923396e-06 2.569305179093435838e-07 1.017005189571390021e-07 -5.539815462124233862e-03 7.737457017646227301e-05 8.997711405929659277e-04 -2.050346712622648591e-03 7.207437584432882429e-04 -7.264025447470707098e-04 -1.056469199477265202e-03 2.523389950315632190e-03 -1.628854454340042043e-02 -6.889397351088495311e-03 1.247504296071504960e-03 8.699339939702694507e-03 -6.322398136709667744e-06 -5.594986250018838539e-06 3.649570776337402490e-06 -9.994731164711274918e-06 -2.676128065387849336e-06 1.542267423195142337e-06
1.212999392401735263e-05 1.318088989368928487e-05 1.110567808171008869e-03 1.412333419692125771e-07 -1.511785283144874135e-06 7.950826443666604408e-06 3.819798719176762810e-07 4.191412106250776795e-07 -1.161799454695772231e-07 -1.165059536454086649e-07 -4.343847332467700578e-03 9.705553520701374281e-05 8.225750541124342372e-04 -2.041160426241867085e-03 2.856598793067440184e-04 -1.844958515895965166e-04 -4.026042455835513617e-04 1.237855978820129712e-03 -2.075213512937887361e-02 -5.160937119832257822e-03 2.178627656503794290e-03 5.334750648891328773e-03 -2.475271773462126705e-07 -6.433062303414074198e-07 6.388901980795151250e-06 -1.381739433104869500e-06 -4.372452444552552552e-06 6.555497676328919620e-06
1.595938930802056612e-03 1.110567808171008869e-03 7.111896106013075869e-01 2.400355505641923011e-05 1.360414130559448563e-04 2.086099518488920314e-04 7.266677553858372825e-04 4.287580990047144273e-06 -1.320500008924169704e-05 9.056133986050732016e-06 2.302896746648930570e-01 -7.608741553685344564e-03 -4.729977612868276060e-02 9.504541588830629772e-02 3.103118606773548616e-02 5.597995631627153933e-03 1.828004550198849068e-02 2.680253898634922874e-02 1.161299879191061368e+00 6.432411957345538500e-01 1.559972887106513273e-01 -4.143991988962289486e-02 1.379094380681949973e-04 -3.776698083864693284e-04 9.152900218551669818e-05 -7.887012839776145318e-05 -1.134934303923425800e-04 -4.192106274044975970e-04
3.359500895700417312e-07 1.412333419692125771e-07 2.400355505641923011e-05 1.843744394559274529e-08 -5.877820522501845933e-08 1.927254106680443293e-07 -1.602425342630097831e-08 1.331494020980571289e-08 2.357129470806200441e-09 -1.518281738712194712e-09 -6.611969657799940533e-05 1.391067034547332113e-06 2.232772286568416879e-05 -4.404567871390151679e-05 1.321204357235462429e-06 -9.879921563995560627e-06 -1.223543466990266530e-05 3.095235686955928021e-06 -3.794247586918552762e-04 -2.102943683582644125e-04 -5.970268870349376212e-05 2.599841143612309459e-06 -9.523532920825805293e-08 1.635870021136259775e-08 1.105300107541542305e-07 -3.304681176173087371e-08 -2.362050301264021637e-07 -1.870944015814596511e-06
-3.385400667256272999e-06 -1.511785283144874135e-06 1.360414130559448563e-04 -5.877820522501845933e-08 1.176739613795591061e-06 -3.147896973151484956e-06 6.185925045924999832e-07 -2.476003352354366371e-07 -2.403218177155625787e-08 1.877108576229100046e-08 3.867749751679438390e-04 -9.818332763557988913e-06 -7.524497641841712157e-05 1.670050133808428114e-04 -1.139124127371269055e-05 4.216808755137582405e-05 1.125382516612289643e-04 6.856090506272331472e-05 1.955592959987490897e-03 1.254965435798361187e-03 5.025739781539122252e-04 3.134899518591072203e-05 6.106123366763427752e-07 -6.120831131513940917e-07 7.611427032982305165e-08 1.675732742017349013e-07 2.277772034525142230e-06 1.004489914142069195e-05
9.376768075564029324e-05 7.950826443666604408e-06 2.086099518488919772e-04 1.927254106680443293e-07 -3.147896973151485379e-06 5.315331952442652080e-05 -1.127941632815987778e-06 -1.379408214048478470e-06 9.278664248721060569e-08 -8.954791937436485193e-09 -3.394098709895703326e-03 3.816398219800702955e-05 5.666526446912165983e-04 -9.464679830820905493e-04 4.742369764897035002e-04 -1.849225881246953362e-04 -3.153436672698328052e-04 6.914446317965470884e-04 -1.270555709539590225e-02 -5.723814329749883460e-03 -1.342164847704696443e-03 1.811388230794673667e-03 -3.643315025404519320e-06 -5.259280637824721619e-07 1.007131165990750864e-06 -7.159240051813643454e-06 -2.535278833589368360e-06 -2.219000752507018284e-05
3.839221098651542411e-09 3.819798719176762810e-07 7.266677553858372825e-04 -1.602425342630097169e-08 6.185925045924999832e-07 -1.127941632815987566e-06 9.649160471021635500e-07 -9.984664417594605405e-08 -2.271628631005182932e-08 1.726298199718463919e-08 4.177903464662807102e-04 -1.276577089273515059e-05 -9.238596181127084971e-05 1.918359938418447402e-04 2.542863289192904091e-05 2.652561430021852304e-05 7.434277958977088588e-05 6.179241799620025497e-05 2.245863789972827890e-03 1.298223983634951310e-03 3.987691865879484238e-04 -6.346672974820177081e-06 4.832307142075428872e-07 -5.788701258161827614e-07 2.585375227789569574e-07 -7.142461546297443048e-08 1.027410565869185398e-06 5.428803196445315462e-06
8.327288216712923396e-06 4.191412106250776795e-07 4.287580990047144273e-06 1.331494020980571289e-08 -2.476003352354366371e-07 -1.379408214048478470e-06 -9.984664417594606729e-08 5.879053936300776261e-06 6.204460865040395286e-09 2.619139673278557006e-08 5.124731717910848815e-04 3.477115974284750299e-06 1.590458989494130022e-05 3.730379109046585187e-05 2.397694343775440466e-05 3.685910125394496712e-05 -9.128596499524666529e-05 7.082740206967351806e-04 3.247167608453422651e-03 1.739910684661107867e-04 4.448352463849332135e-04 1.166443112643248108e-03 -8.355658954346868749e-07 -1.486038992589365770e-06 -2.530295245557979833e-07 1.300874403165633599e-06 -2.760339227459487271e-07 1.393124933526964748e-05
2.569305179093435838e-07 -1.161799454695772231e-07 -1.320500008924169704e-05 2.357129470806200441e-09 -2.403218177155625787e-08 9.278664248721060569e-08 -2.271628631005181939e-08 6.204460865040395286e-09 3.762345163877760755e-07 1.779567686002835118e-09 -1.321057200337459072e-04 7.148511110384130820e-07 8.774608458479150571e-05 -6.554892482495327589e-05 1.633337547354293893e-04 -1.661613010095843747e-04 -4.438336152260961056e-05 1.447642066007146500e-05 4.032226053231523222e-03 1.416845094687114850e-05 2.864564881459808138e-04 3.503725813321855679e-04 -3.533444383128873183e-07 7.577809556504491171e-08 -6.762841380873326375e-07 -7.096191924698335369e-08 -8.698207846637985726e-07 2.046962520935321352e-06
1.017005189571390021e-07 -1.165059536454086649e-07 9.056133986050732016e-06 -1.518281738712194712e-09 1.877108576229100046e-08 -8.954791937436485193e-09 1.726298199718463257e-08 2.619139673278557006e-08 1.779567686002835118e-09 3.812183658542789104e-07 6.654422092253265471e-04 -9.867978118198313534e-07 -3.690273083097968438e-05 2.184984918427659788e-05 -1.840383441405827458e-05 -2.490776886512403762e-05 4.392732009364531932e-04 9.610949749000916552e-04 6.097250942758386354e-04 1.620824547699724913e-04 -3.829726956567203579e-04 -1.252889732788867649e-03 2.675966786742023203e-09 2.689186133588269262e-07 -1.840920835439747115e-07 3.521673448590292731e-07 -9.901072749503898409e-08 -3.952635268767203159e-06
-5.539815462124233862e-03 -4.343847332467700578e-03 2.302896746648930570e-01 -6.611969657799939178e-05 3.867749751679437848e-04 -3.394098709895703326e-03 4.177903464662806017e-04 5.124731717910848815e-04 -1.321057200337459072e-04 6.654422092253265471e-04 4.362147961462043355e+01 -3.831250718792708621e-01 -7.544623656883707730e-01 -1.539113343716164428e-01 -4.489897381748241684e-02 4.824729477675819278e-01 -5.589738736938391739e+00 -3.268556170230381497e+01 3.479486802028116443e+01 1.983576246202700455e+00 -1.277763633915765062e+01 -5.364007176440182434e+01 1.958883326986621178e-03 -1.199397797871820746e-03 -2.050831248232520831e-03 -3.507599350645623348e-03 -1.481564239346476637e-02 -2.083111566320001648e-02
7.737457017646225945e-05 9.705553520701374281e-05 -7.608741553685344564e-03 1.391067034547332324e-06 -9.818332763557988913e-06 3.816398219800702277e-05 -1.276577089273514889e-05 3.477115974284750299e-06 7.148511110384135055e-07 -9.867978118198315651e-07 -3.831250718792708621e-01 8.088371848532638353e-02 -4.959162406893591335e-02 4.360121911189954180e-02 -8.840432245231427677e-03 2.022039812396912370e-02 1.276307549628828975e-01 1.691701808228086301e-01 -5.670614431637183150e-01 9.212029370649524873e-01 1.629626642820767524e+00 5.932154961604974019e-01 1.097267643251541790e-04 4.095164508844257841e-05 -2.270001129959856576e-04 7.040629362723952345e-05 2.109702968592600686e-04 -7.590207652459310828e-04
8.997711405929659277e-04 8.225750541124342372e-04 -4.729977612868276060e-02 2.232772286568416540e-05 -7.524497641841710802e-05 5.666526446912165983e-04 -9.238596181127086326e-05 1.590458989494129344e-05 8.774608458479150571e-05 -3.690273083097968438e-05 -7.544623656883707730e-01 -4.959162406893592029e-02 3.903135575661894840e+00 -2.774725883320746433e+00 -2.444217439820855209e-01 1.373836293093712579e-01 2.564513881326812239e+00 3.226191328125953106e+00 -3.087203990855933000e+01 -3.808011819791909058e+00 7.383551012355589194e+00 5.065762899251588181e+00 -1.072081739403621999e-03 -4.879924626445664008e-04 -1.964636807019307357e-03 1.343885703816828127e-03 -1.932839330315983765e-03 5.509472417308347233e-03
-2.050346712622649024e-03 -2.041160426241867085e-03 9.504541588830628385e-02 -4.404567871390151679e-05 1.670050133808427843e-04 -9.464679830820907662e-04 1.918359938418447402e-04 3.730379109046598062e-05 -6.554892482495327589e-05 2.184984918427658433e-05 -1.539113343716162208e-01 4.360121911189954180e-02 -2.774725883320746433e+00 6.170828249154518552e+00 1.243630522148547329e-01 -2.078887967142308557e-01 -2.050156293517063411e+00 -2.244785003681478042e+00 1.424435042255380957e+01 -5.019096673156641764e+00 -1.220961705690326937e+01 -9.580925404843949167e+00 -1.800758109674660589e-03 4.332591942625178762e-04 -4.200772125741921402e-03 -3.284281246726196337e-04 3.356092953304842374e-03 -1.484076876628583064e-02
7.207437584432883513e-04 2.856598793067440184e-04 3.103118606773547922e-02 1.321204357235462640e-06 -1.139124127371268716e-05 4.742369764897035002e-04 2.542863289192903413e-05 2.397694343775440466e-05 1.633337547354293893e-04 -1.840383441405826781e-05 -4.489897381748241684e-02 -8.840432245231424208e-03 -2.444217439820854931e-01 1.243630522148547468e-01 3.321870442895483055e+00 5.924669835344529290e-01 2.271002307723635483e-01 4.172346452456480725e-01 -5.347906967716215654e+00 -2.075141925922087960e-01 -8.531496426588272008e-01 -4.230192823449754891e-01 -8.829925968017523098e-04 4.342302903642314329e-04 2.665837957933188070e-04 -1.302434387034702131e-03 -1.601135747708267104e-03 4.433878554711693717e-03
-7.264025447470707098e-04 -1.844958515895965166e-04 5.597995631627153065e-03 -9.879921563995560627e-06 4.216808755137583083e-05 -1.849225881246953362e-04 2.652561430021851965e-05 3.685910125394496035e-05 -1.661613010095843747e-04 -2.490776886512403762e-05 4.824729477675819833e-01 2.022039812396912370e-02 1.373836293093712579e-01 -2.078887967142309390e-01 5.924669835344529290e-01 3.133000921447817166e+00 2.731288186556304787e+00 2.788961520569117614e+00 5.738184711415247108e+00 -1.099521980739348592e+00 -5.210532284421731664e-01 -1.244854797658849321e+00 6.823120721973776562e-04 1.715128457959886059e-04 1.617898359512857519e-04 -1.538888102104396202e-04 1.900857815157883839e-03 1.001710794550118334e-02
-1.056469199477265419e-03 -4.026042455835514701e-04 1.828004550198849068e-02 -1.223543466990266530e-05 1.125382516612289643e-04 -3.153436672698328052e-04 7.434277958977088588e-05 -9.128596499524665173e-05 -4.438336152260961056e-05 4.392732009364531932e-04 -5.589738736938391739e+00 1.276307549628828975e-01 2.564513881326812239e+00 -2.050156293517063411e+00 2.271002307723635483e-01 2.731288186556304787e+00 1.101462341740824868e+01 1.958585091701824865e+01 -1.153572222526564239e+01 3.769544066867860366e+00 4.958903457086922373e+00 4.812874144529899922e+00 -7.439087627347390225e-04 4.692684927174458980e-04 5.891329646848354014e-04 3.358061692384570326e-04 3.326059632424725569e-03 1.658799156692659232e-02
2.523389950315632190e-03 1.237855978820129712e-03 2.680253898634923568e-02 3.095235686955927598e-06 6.856090506272331472e-05 6.914446317965469799e-04 6.179241799620025497e-05 7.082740206967351806e-04 1.447642066007144976e-05 9.610949749000916552e-04 -3.268556170230381497e+01 1.691701808228086301e-01 3.226191328125953106e+00 -2.244785003681478042e+00 4.172346452456480725e-01 2.788961520569117614e+00 1.958585091701824865e+01 5.390283639290940698e+01 -2.291849903778364350e+01 4.726648011514861025e+00 8.451719038244105420e+00 3.205408092640579554e+01 -2.754031771703054424e-03 2.043488255419483295e-03 3.184787788317125241e-03 4.206576843429420988e-03 1.358736470475885652e-02 3.852134804900776699e-02
-1.628854454340041696e-02 -2.075213512937887361e-02 1.161299879191061368e+00 -3.794247586918552762e-04 1.955592959987490897e-03 -1.270555709539590225e-02 2.245863789972827023e-03 3.247167608453422651e-03 4.032226053231522354e-03 6.097250942758386354e-04 3.479486802028116443e+01 -5.670614431637183150e-01 -3.087203990855933000e+01 1.424435042255380779e+01 -5.347906967716215654e+00 5.738184711415247108e+00 -1.153572222526564239e+01 -2.291849903778364350e+01 7.837541471626417433e+02 7.383967036349598345e+01 -5.291907653601703743e+01 -5.810104591840830324e+01 1.166252300688518095e-02 -1.088087631153268793e-02 2.724497086385168146e-02 -1.670843642714921543e-02 1.581271634827536091e-02 9.689687097287555395e-03
-6.889397351088496178e-03 -5.160937119832257822e-03 6.432411957345538500e-01 -2.102943683582644125e-04 1.254965435798361187e-03 -5.723814329749883460e-03 1.298223983634951527e-03 1.739910684661107054e-04 1.416845094687114511e-05 1.620824547699724913e-04 1.983576246202700455e+00 9.212029370649524873e-01 -3.808011819791909058e+00 -5.019096673156641764e+00 -2.075141925922087682e-01 -1.099521980739348592e+00 3.769544066867859478e+00 4.726648011514861913e+00 7.383967036349598345e+01 6.490449831829377558e+01 4.135280015620674021e+01 1.575062043238276921e+01 6.965342598695986251e-03 -9.253636547296290298e-04 2.701609944378821886e-03 4.979784984543891846e-03 1.767959972945904942e-02 2.660437109356170518e-02
1.247504296071504743e-03 2.178627656503794290e-03 1.559972887106512718e-01 -5.970268870349377567e-05 5.025739781539121168e-04 -1.342164847704696009e-03 3.987691865879483696e-04 4.448352463849334845e-04 2.864564881459808680e-04 -3.829726956567203037e-04 -1.277763633915765062e+01 1.629626642820767746e+00 7.383551012355589194e+00 -1.220961705690327115e+01 -8.531496426588273119e-01 -5.210532284421733884e-01 4.958903457086922373e+00 8.451719038244107196e+00 -5.291907653601703743e+01 4.135280015620674732e+01 8.443857857754733232e+01 5.311148089561052643e+01 4.856945999844991188e-03 -2.029561788869325804e-03 -1.194700826769696557e-02 9.769772752315606865e-03 7.926421066301750015e-03 1.390944767654602419e-02
8.699339939702692773e-03 5.334750648891328773e-03 -4.143991988962290873e-02 2.599841143612309459e-06 3.134899518591072203e-05 1.811388230794674318e-03 -6.346672974819976334e-06 1.166443112643248108e-03 3.503725813321855679e-04 -1.252889732788867649e-03 -5.364007176440182434e+01 5.932154961604974019e-01 5.065762899251589069e+00 -9.580925404843949167e+00 -4.230192823449754891e-01 -1.244854797658849543e+00 4.812874144529899922e+00 3.205408092640579554e+01 -5.810104591840830324e+01 1.575062043238277099e+01 5.311148089561052643e+01 1.027763652665189653e+02 3.558538299437122646e-03 -2.868744686766813018e-03 -3.777903617152846612e-03 4.299966447078404364e-03 1.484691824703638675e-02 5.475960517096211538e-02
-6.322398136709667744e-06 -2.475271773462116117e-07 1.379094380681949430e-04 -9.523532920825805293e-08 6.106123366763424576e-07 -3.643315025404518473e-06 4.832307142075433108e-07 -8.355658954346868749e-07 -3.533444383128873183e-07 2.675966786742052154e-09 1.958883326986621178e-03 1.097267643251541790e-04 -1.072081739403621782e-03 -1.800758109674661456e-03 -8.829925968017523098e-04 6.823120721973777647e-04 -7.439087627347390225e-04 -2.754031771703055291e-03 1.166252300688518095e-02 6.965342598695986251e-03 4.856945999844989453e-03 3.558538299437122646e-03 1.428946800449626886e-03 2.840124878238812155e-04 1.027730966238810833e-04 -3.952742413128130313e-04 -1.078559343702807627e-04 -9.460268699315931365e-05
-5.594986250018837692e-06 -6.433062303414074198e-07 -3.776698083864694368e-04 1.635870021136259113e-08 -6.120831131513940917e-07 -5.259280637824726913e-07 -5.788701258161829732e-07 -1.486038992589365347e-06 7.577809556504489848e-08 2.689186133588269262e-07 -1.199397797871820746e-03 4.095164508844259196e-05 -4.879924626445662924e-04 4.332591942625172799e-04 4.342302903642314329e-04 1.715128457959884433e-04 4.692684927174461691e-04 2.043488255419484596e-03 -1.088087631153268793e-02 -9.253636547296281625e-04 -2.029561788869325804e-03 -2.868744686766812151e-03 2.840124878238812155e-04 9.036319519716004079e-04 5.060964940907715528e-05 7.539433882497876540e-04 4.444239138613405884e-05 -8.098608607894610062e-04
3.649570776337403761e-06 6.388901980795149556e-06 9.152900218551682015e-05 1.105300107541542305e-07 7.611427032982305165e-08 1.007131165990748958e-06 2.585375227789572221e-07 -2.530295245557974539e-07 -6.762841380873327434e-07 -1.840920835439747644e-07 -2.050831248232519964e-03 -2.270001129959856305e-04 -1.964636807019306489e-03 -4.200772125741920535e-03 2.665837957933191865e-04 1.617898359512860500e-04 5.891329646848362687e-04 3.184787788317126542e-03 2.724497086385167799e-02 2.701609944378822320e-03 -1.194700826769696037e-02 -3.777903617152845311e-03 1.027730966238810833e-04 5.060964940907716205e-05 7.273108152885384391e-03 -2.396397572487932799e-04 7.387393806508229036e-04 4.223785535986800815e-03
-9.994731164711274918e-06 -1.381739433104869288e-06 -7.887012839776157515e-05 -3.304681176173090018e-08 1.675732742017349807e-07 -7.159240051813643454e-06 -7.142461546297413931e-08 1.300874403165633599e-06 -7.096191924698335369e-08 3.521673448590292731e-07 -3.507599350645622480e-03 7.040629362723952345e-05 1.343885703816828344e-03 -3.284281246726203926e-04 -1.302434387034701697e-03 -1.538888102104393220e-04 3.358061692384570326e-04 4.206576843429420988e-03 -1.670843642714921889e-02 4.979784984543890979e-03 9.769772752315613804e-03 4.299966447078400894e-03 -3.952742413128130313e-04 7.539433882497876540e-04 -2.396397572487932528e-04 2.948044517049362451e-03 5.417712596331861804e-04 -8.420852093511352896e-04
-2.676128065387845948e-06 -4.372452444552552552e-06 -1.134934303923424174e-04 -2.362050301264021108e-07 2.277772034525142230e-06 -2.535278833589370478e-06 1.027410565869185398e-06 -2.760339227459489918e-07 -8.698207846637987843e-07 -9.901072749503898409e-08 -1.481564239346476637e-02 2.109702968592601499e-04 -1.932839330315982681e-03 3.356092953304842374e-03 -1.601135747708267538e-03 1.900857815157883839e-03 3.326059632424725569e-03 1.358736470475885652e-02 1.581271634827537131e-02 1.767959972945905289e-02 7.926421066301750015e-03 1.484691824703638675e-02 -1.078559343702807627e-04 4.444239138613406562e-05 7.387393806508230120e-04 5.417712596331861804e-04 6.469010637047203048e-03 7.761940133435537084e-03
1.542267423195171771e-06 6.555497676328931479e-06 -4.192106274044980307e-04 -1.870944015814596935e-06 1.004489914142069365e-05 -2.219000752507020317e-05 5.428803196445315462e-06 1.393124933526964240e-05 2.046962520935320928e-06 -3.952635268767201465e-06 -2.083111566320001648e-02 -7.590207652459317333e-04 5.509472417308348101e-03 -1.484076876628583411e-02 4.433878554711687646e-03 1.001710794550118161e-02 1.658799156692658885e-02 3.852134804900775311e-02 9.689687097287510292e-03 2.660437109356170518e-02 1.390944767654600858e-02 5.475960517096208763e-02 -9.460268699315927299e-05 -8.098608607894610062e-04 4.223785535986800815e-03 -8.420852093511351812e-04 7.761940133435537084e-03 7.235128767131690508e-02
