# logA n_s H0 omega_b omega_cdm tau_reio zeta_IG A_planck calib_100T calib_217T A_cib_217 xi_sz_cib A_sz ksz_norm gal545_A_100 gal545_A_143 gal545_A_143_217 gal545_A_217 ps_A_100_100 ps_A_143_143 ps_A_143_217 ps_A_217_217 galf_TE_A_100 galf_TE_A_100_143 galf_TE_A_100_217 galf_TE_A_143 galf_TE_A_143_217 galf_TE_A_217
1.985200156634009589e-04 9.327754349332453837e-06 1.546835928655826160e-03 3.221646804100979403e-07 -2.465343122946241544e-06 9.222467664160533896e-05 2.852130743592675205e-07 9.279325925258743318e-06 -9.886330645341724110e-08 -1.478001619418841881e-07 -2.698798471062329851e-03 6.654701794591086892e-05 3.754824653534990695e-04 -1.322776822203308158e-03 -6.243547271026397404e-04 -4.235213805862712106e-04 -8.768587501800132692e-04 1.696611023832713143e-03 -7.262708150442573861e-03 -5.480639749832944690e-03 -4.183914499698044719e-04 4.241473951630266720e-03 -2.106330812239842060e-06 -7.473109206131538511e-06 -8.453129074935839924e-07 -1.325135255858246553e-05 -1.450699928972760854e-05 -9.464051744504629215e-06
9.327754349332453837e-06 1.321257017534244128e-05 1.133250536864288628e-03 1.240952066773173297e-07 -1.555263033305136428e-06 6.538897839300969948e-06 4.104691215329584607e-07 4.727190451099960596e-07 -4.491287239895837340e-08 -4.377885925458832794e-08 -3.785351907095637052e-03 8.018053262916281549e-05 8.805004677681709749e-04 -2.147739754766283832e-03 2.407886825500219266e-04 -3.918617753088030195e-04 -2.182471095327223826e-04 1.397577267616776503e-03 -1.936238317225380881e-02 -4.728005666436864429e-03 2.106232451920054746e-03 4.827781421733053600e-03 -1.052772077418980758e-06 -9.370428181451766661e-07 4.807736366475324962e-06 -1.977345533978729210e-06 2.968970181486589099e-06 3.123887570038313288e-06
1.546835928655826160e-03 1.133250536864288628e-03 6.980247046062965088e-01 2.361956551631693330e-05 1.095887053355718450e-04 2.290870252450886773e-04 7.048623394405843659e-04 8.941993074803039084e-06 -1.106373426636216339e-05 1.380653833719169490e-05 1.921848992394435129e-01 -1.132657729827894972e-03 -3.966385425716994345e-02 1.094487798797057349e-01 1.617708245092299921e-02 1.920594981773136173e-02 6.683197346076667766e-02 3.937605408213210728e-02 8.618287385379451715e-01 5.714935001093145450e-01 2.007859412127612486e-01 5.280566223183279576e-03 2.703014622623076146e-04 -2.201065415286291454e-05 2.210474458371071275e-04 1.735927011100541558e-04 5.657542494170499927e-05 3.904438533758746062e-03
3.221646804100979403e-07 1.240952066773173297e-07 2.361956551631693330e-05 1.727520873454166894e-08 -5.401355571555964000e-08 1.760090799093019060e-07 -1.326355133256409043e-08 1.833098206706621725e-08 2.579894236569624240e-09 -4.604878100656001209e-10 -7.138977278698608589e-05 1.935435981201084885e-06 1.508391106892196787e-05 -3.403263342080575847e-05 -9.495637381809414257e-07 -9.686423549878899069e-06 -1.068747781003095093e-05 1.256480994997480612e-05 -3.309254065951154665e-04 -1.737492186987102979e-04 -4.247526113420181616e-05 8.853526938474995866e-06 -8.606956001215240268e-08 -9.292232862615139982e-08 -3.825520517855433015e-09 -2.341872690716133808e-07 -3.276285708156787823e-07 -1.517282353882177513e-06
-2.465343122946241544e-06 -1.555263033305136428e-06 1.095887053355718450e-04 -5.401355571555964000e-08 1.156630042441730430e-06 -2.621059250463748817e-06 5.805390441261050563e-07 -2.878327698723226939e-07 -2.166024655369540464e-08 1.182644135790502139e-08 2.602372535081208765e-04 -1.104968165975057444e-05 -7.737610731343973626e-05 1.767069505791070449e-04 2.634818437693523752e-05 5.352845848798331029e-05 6.146725918947218469e-05 1.047928587914765637e-05 1.196928775960939698e-03 1.004174060082076722e-03 4.054022433113497114e-04 1.953762965288141521e-04 1.837489983708194099e-07 4.113136999844288048e-07 -6.216350456827407149e-07 1.955710497658951436e-06 1.048999364953097201e-06 6.935317958933145319e-06
9.222467664160533896e-05 6.538897839300969948e-06 2.290870252450886773e-04 1.760090799093019060e-07 -2.621059250463748817e-06 5.107050161428059338e-05 -9.115125115097012725e-07 -8.897645806472972699e-07 -6.682922204989022110e-08 -8.300856171154812951e-08 -1.701908837296586038e-03 1.279296619576761137e-05 4.583157829834364340e-04 -7.164485037061931383e-04 -2.635816003905289964e-04 -7.433431425983283425e-05 -2.159352771727077712e-04 2.510914831461275422e-04 -8.359055421390568924e-03 -4.968208038725576564e-03 -1.920754626878270858e-03 -5.469214532756402382e-04 -1.763324996978786336e-06 -4.307137340883481780e-06 1.498749052754660298e-07 -9.452229376854304457e-06 -9.771930439906533172e-06 -1.763386392697908757e-05
2.852130743592674676e-07 4.104691215329584607e-07 7.048623394405844744e-04 -1.326355133256409374e-08 5.805390441261050563e-07 -9.115125115097012725e-07 9.272975012280953180e-07 -1.122719988421795746e-07 -2.072125928705124090e-08 1.753080796206283189e-08 3.476945567027729190e-04 -6.708673435022485461e-06 -8.018967179076415860e-05 2.032500646112312217e-04 2.553869039620549131e-05 4.632107460209826112e-05 9.314399635791467008e-05 2.045880379672915085e-05 1.578623360537358784e-03 1.082769745837604703e-03 3.921888750124859907e-04 7.458529135259528008e-05 4.089963519167604557e-07 2.155940427791591764e-07 -3.479538611716522248e-08 1.091090800441350648e-06 7.350720172634262820e-07 7.407929535607054043e-06
9.279325925258743318e-06 4.727190451099960596e-07 8.941993074803039084e-06 1.833098206706621725e-08 -2.878327698723226939e-07 -8.897645806472972699e-07 -1.122719988421795746e-07 5.945806819116662017e-06 -1.400491381515881197e-08 -1.133896585506525010e-08 6.081198498560539756e-04 1.363731476046254694e-05 -1.143132489093677957e-04 8.840365892613155413e-05 5.344505952483462671e-05 6.135310450315206992e-05 -9.145852942453898936e-05 6.436479672664584565e-04 4.607626401810218861e-03 4.349322427452760988e-04 2.307524260868771008e-04 1.003235878887679105e-03 4.603695608886553830e-07 1.227312557493148995e-07 6.482413076060714657e-07 -5.676470861929260028e-08 2.120340016546441017e-06 5.976774207048149830e-06
-9.886330645341724110e-08 -4.491287239895837340e-08 -1.106373426636216339e-05 2.579894236569624240e-09 -2.166024655369540464e-08 -6.682922204989023434e-08 -2.072125928705123760e-08 -1.400491381515881197e-08 3.674614462874851402e-07 1.677385959382084429e-09 -2.249266916711321744e-04 3.910402878995488528e-06 1.005889273600464676e-04 -6.085208538077424784e-05 1.711251041769039729e-04 -1.919144184755609589e-04 -3.520766418670970386e-05 6.507535017913189000e-05 3.520591170040287404e-03 1.746406035536233748e-05 3.444553969252926772e-04 4.233103464896013717e-04 -3.943873454480530896e-07 -1.674735822298142798e-07 -4.379220482418835567e-07 -5.096369953287956986e-08 -6.419959899141131790e-08 3.174073851783589689e-06
-1.478001619418841881e-07 -4.377885925458832794e-08 1.380653833719169490e-05 -4.604878100656001209e-10 1.182644135790502139e-08 -8.300856171154814274e-08 1.753080796206283189e-08 -1.133896585506525010e-08 1.677385959382084429e-09 3.868167598807240150e-07 7.259125517143798006e-04 -7.991519971805387701e-07 -2.184034609347989514e-05 -1.437838897495137118e-06 -1.015009250693534730e-05 -4.302335698160579303e-05 4.087856881765049278e-04 8.930550553604810855e-04 2.882099874054346424e-04 9.952147685439486312e-05 -3.301134543937147550e-04 -1.338114450739732054e-03 1.339501736938304395e-07 2.646438664479448650e-07 4.194082225535193324e-08 2.369709996928460389e-07 -7.169266596412450009e-08 -7.209084463998319392e-07
-2.698798471062329851e-03 -3.785351907095637052e-03 1.921848992394435129e-01 -7.138977278698608589e-05 2.602372535081208765e-04 -1.701908837296585604e-03 3.476945567027729190e-04 6.081198498560539756e-04 -2.249266916711321744e-04 7.259125517143798006e-04 4.467252371865998839e+01 -3.710714780773325394e-01 -8.845175963461482382e-01 -2.120795062345674220e-01 2.181563183866748190e-01 6.163915276599458704e-01 -5.777814152540968529e+00 -3.340871157246981227e+01 3.559556517405206932e+01 2.314029848206851980e+00 -1.266710668254963856e+01 -5.523494153765882686e+01 2.547022945320787709e-03 6.595911803771271420e-04 -2.373460000719947952e-03 1.292661413886537309e-03 2.586996991913782708e-03 -5.029262290936063057e-03
6.654701794591085537e-05 8.018053262916281549e-05 -1.132657729827894972e-03 1.935435981201084885e-06 -1.104968165975057444e-05 1.279296619576761645e-05 -6.708673435022488002e-06 1.363731476046254864e-05 3.910402878995488528e-06 -7.991519971805387701e-07 -3.710714780773325394e-01 8.067041722533832560e-02 -4.066110324029566236e-02 4.277337841393544227e-02 -8.070047636006723313e-03 7.353250752438730874e-04 1.052872369043716672e-01 1.378538198151089689e-01 -5.431746310314313764e-01 9.265309705318864886e-01 1.678634130131046120e+00 6.091877621996519832e-01 -6.841668311777551173e-05 4.910708354052916553e-05 -5.491345779235350550e-05 8.296126342503319130e-05 1.261847897411113976e-04 2.306405226365073962e-04
3.754824653534990695e-04 8.805004677681709749e-04 -3.966385425716995039e-02 1.508391106892196787e-05 -7.737610731343973626e-05 4.583157829834364340e-04 -8.018967179076414505e-05 -1.143132489093677686e-04 1.005889273600464676e-04 -2.184034609347989175e-05 -8.845175963461482382e-01 -4.066110324029566236e-02 4.000613897999491186e+00 -2.905870322155093888e+00 -1.487064211460427665e-01 1.815566362778855136e-01 2.817527697576920342e+00 3.532700501353282618e+00 -3.125553268129095486e+01 -3.133893751848195297e+00 8.124079536956264391e+00 5.580654268598509660e+00 -1.336891497660073081e-03 -3.350611103930037485e-05 -4.073584471633266289e-04 1.025225874221751682e-03 2.160268081337026380e-04 -7.535480162630575456e-03
-1.322776822203308158e-03 -2.147739754766283832e-03 1.094487798797057349e-01 -3.403263342080575169e-05 1.767069505791070449e-04 -7.164485037061930298e-04 2.032500646112313030e-04 8.840365892613160834e-05 -6.085208538077423429e-05 -1.437838897495132883e-06 -2.120795062345674498e-01 4.277337841393544227e-02 -2.905870322155093888e+00 6.163083484833411063e+00 1.144800906878140068e-01 -1.691008726898158565e-01 -2.166204671974411244e+00 -2.378495542952409725e+00 1.464239052946282271e+01 -5.049611399823840330e+00 -1.246852454778924191e+01 -9.488772078363505003e+00 1.306119512269080137e-03 -1.709116634054812559e-04 2.029120248033170317e-04 -1.018919408313604356e-03 -1.809908882512154980e-03 5.789983739384498354e-03
-6.243547271026396320e-04 2.407886825500219808e-04 1.617708245092299227e-02 -9.495637381809413198e-07 2.634818437693523752e-05 -2.635816003905289964e-04 2.553869039620548792e-05 5.344505952483462671e-05 1.711251041769039729e-04 -1.015009250693535069e-05 2.181563183866748190e-01 -8.070047636006723313e-03 -1.487064211460427388e-01 1.144800906878140068e-01 3.342109935279871991e+00 5.492109997609078142e-01 1.925088738480683348e-01 7.635089980542059118e-02 -6.568173394039351187e+00 -4.007421829526318091e-01 -7.315934925006103429e-01 -6.096809361038674213e-01 -9.049424906790081097e-04 3.166504365812574864e-05 5.061271687787613537e-04 -1.238436077337050215e-04 9.657672633188052079e-04 2.751506899871164480e-03
-4.235213805862712106e-04 -3.918617753088030195e-04 1.920594981773136173e-02 -9.686423549878899069e-06 5.352845848798331029e-05 -7.433431425983283425e-05 4.632107460209828145e-05 6.135310450315206992e-05 -1.919144184755609589e-04 -4.302335698160579303e-05 6.163915276599458704e-01 7.353250752438730874e-04 1.815566362778855136e-01 -1.691008726898158565e-01 5.492109997609078142e-01 3.191834264140866573e+00 2.740402922256442775e+00 2.739900298400077094e+00 5.340430020799460387e+00 -1.431900482451158751e+00 -8.320725994441870998e-01 -1.367539785420647025e+00 5.290630777786044930e-04 1.746801882851718246e-04 -2.248197603843782658e-03 2.740790063952374647e-04 -7.790891429722886924e-04 -6.109421838473388239e-03
-8.768587501800134860e-04 -2.182471095327223555e-04 6.683197346076667766e-02 -1.068747781003095093e-05 6.146725918947218469e-05 -2.159352771727078796e-04 9.314399635791468363e-05 -9.145852942453898936e-05 -3.520766418670971063e-05 4.087856881765049278e-04 -5.777814152540968529e+00 1.052872369043716672e-01 2.817527697576920342e+00 -2.166204671974411244e+00 1.925088738480683348e-01 2.740402922256442775e+00 1.093110161263273916e+01 1.928854513409423888e+01 -1.378394033013669784e+01 3.187656177647417710e+00 5.181360901443169631e+00 5.570382973366963419e+00 -5.144232811303539859e-04 8.805966978579737566e-04 -3.221213752541841890e-03 1.065119599441936848e-03 -1.996165364617369115e-03 1.462628242543319084e-03
1.696611023832712926e-03 1.397577267616776503e-03 3.937605408213210728e-02 1.256480994997480612e-05 1.047928587914765637e-05 2.510914831461274338e-04 2.045880379672913730e-05 6.436479672664583481e-04 6.507535017913189000e-05 8.930550553604810855e-04 -3.340871157246981227e+01 1.378538198151089689e-01 3.532700501353282618e+00 -2.378495542952409725e+00 7.635089980542059118e-02 2.739900298400077094e+00 1.928854513409423888e+01 5.336265735439646818e+01 -2.642660578040198160e+01 3.216625641248510359e+00 8.415436418840966937e+00 3.379318902210349052e+01 -1.723065027394040131e-03 8.104323884613531814e-04 -6.053512962734922424e-04 -4.322086315069160480e-04 -6.673073003366955004e-03 1.350396796266645216e-02
-7.262708150442573861e-03 -1.936238317225380881e-02 8.618287385379451715e-01 -3.309254065951154665e-04 1.196928775960939698e-03 -8.359055421390568924e-03 1.578623360537359001e-03 4.607626401810218861e-03 3.520591170040287404e-03 2.882099874054347508e-04 3.559556517405206932e+01 -5.431746310314314874e-01 -3.125553268129095486e+01 1.464239052946282271e+01 -6.568173394039350299e+00 5.340430020799460387e+00 -1.378394033013669784e+01 -2.642660578040198160e+01 7.793367173679172311e+02 6.809631387162511373e+01 -5.623876815853956401e+01 -5.977659315657850669e+01 1.804105326601057255e-02 1.493039234548086940e-03 -6.346910206727905505e-03 -1.333907350270341352e-02 1.301796926489382476e-04 1.058585387402384281e-01
-5.480639749832944690e-03 -4.728005666436864429e-03 5.714935001093147671e-01 -1.737492186987102979e-04 1.004174060082076722e-03 -4.968208038725576564e-03 1.082769745837604703e-03 4.349322427452760988e-04 1.746406035536233748e-05 9.952147685439484957e-05 2.314029848206851980e+00 9.265309705318864886e-01 -3.133893751848195297e+00 -5.049611399823840330e+00 -4.007421829526316981e-01 -1.431900482451158751e+00 3.187656177647417710e+00 3.216625641248509915e+00 6.809631387162511373e+01 6.164581809081922614e+01 4.112535898261376133e+01 1.549914123941795197e+01 3.535617616924755218e-03 3.500900670169592929e-03 9.162236628561988300e-04 1.325818981229442408e-03 1.027923025223763213e-02 3.655746422905678528e-02
-4.183914499698042550e-04 2.106232451920054746e-03 2.007859412127612764e-01 -4.247526113420180261e-05 4.054022433113498199e-04 -1.920754626878271292e-03 3.921888750124859907e-04 2.307524260868769924e-04 3.444553969252927314e-04 -3.301134543937147008e-04 -1.266710668254964034e+01 1.678634130131046565e+00 8.124079536956264391e+00 -1.246852454778924191e+01 -7.315934925006103429e-01 -8.320725994441869888e-01 5.181360901443169631e+00 8.415436418840966937e+00 -5.623876815853956401e+01 4.112535898261376133e+01 8.703264389557931224e+01 5.391245337649390024e+01 -3.276313127157051697e-03 2.018814679362965908e-03 1.548910356299343675e-03 5.924844740124284199e-03 1.247370746369180251e-02 -7.874462654533630082e-05
4.241473951630265853e-03 4.827781421733053600e-03 5.280566223183290851e-03 8.853526938474995866e-06 1.953762965288141249e-04 -5.469214532756402382e-04 7.458529135259515811e-05 1.003235878887679322e-03 4.233103464896013717e-04 -1.338114450739732054e-03 -5.523494153765882686e+01 6.091877621996519832e-01 5.580654268598508772e+00 -9.488772078363503226e+00 -6.096809361038674213e-01 -1.367539785420647025e+00 5.570382973366963419e+00 3.379318902210349052e+01 -5.977659315657850669e+01 1.549914123941795197e+01 5.391245337649390024e+01 1.049529053082552110e+02 -3.188408684838076653e-03 1.406546334230791536e-03 1.885412646538466366e-03 3.152624659838943171e-03 8.363993063371794046e-03 1.079115257460180194e-02
-2.106330812239841213e-06 -1.052772077418981181e-06 2.703014622623077230e-04 -8.606956001215240268e-08 1.837489983708194628e-07 -1.763324996978786124e-06 4.089963519167604557e-07 4.603695608886551713e-07 -3.943873454480530896e-07 1.339501736938304130e-07 2.547022945320787275e-03 -6.841668311777551173e-05 -1.336891497660072647e-03 1.306119512269079920e-03 -9.049424906790081097e-04 5.290630777786044930e-04 -5.144232811303539859e-04 -1.723065027394040131e-03 1.804105326601057255e-02 3.535617616924754351e-03 -3.276313127157052564e-03 -3.188408684838076219e-03 1.457216181172677665e-03 2.557314984741023084e-04 9.421540747161506171e-05 -4.090274723792287361e-04 -1.183398868433949917e-04 -2.331191051228822977e-04
-7.473109206131538511e-06 -9.370428181451766661e-07 -2.201065415286290776e-05 -9.292232862615139982e-08 4.113136999844288048e-07 -4.307137340883481780e-06 2.155940427791593087e-07 1.227312557493150054e-07 -1.674735822298142003e-07 2.646438664479448650e-07 6.595911803771272505e-04 4.910708354052915198e-05 -3.350611103930043583e-05 -1.709116634054811746e-04 3.166504365812567411e-05 1.746801882851717975e-04 8.805966978579738650e-04 8.104323884613529646e-04 1.493039234548087808e-03 3.500900670169592929e-03 2.018814679362964607e-03 1.406546334230791969e-03 2.557314984741023084e-04 8.551507876411301029e-04 2.091550666080778305e-05 7.080580878350241011e-04 3.297387699472191064e-05 -8.258336735586811533e-04
-8.453129074935896040e-07 4.807736366475324962e-06 2.210474458371071004e-04 -3.825520517855422262e-09 -6.216350456827408208e-07 1.498749052754660298e-07 -3.479538611716502396e-08 6.482413076060714657e-07 -4.379220482418835038e-07 4.194082225535191339e-08 -2.373460000719947952e-03 -5.491345779235353938e-05 -4.073584471633264121e-04 2.029120248033171130e-04 5.061271687787612453e-04 -2.248197603843783091e-03 -3.221213752541841890e-03 -6.053512962734913750e-04 -6.346910206727906373e-03 9.162236628562000227e-04 1.548910356299348662e-03 1.885412646538466366e-03 9.421540747161506171e-05 2.091550666080778305e-05 7.152456924028938179e-03 -3.711770869441310267e-04 6.148749509354945820e-04 4.413716050792847179e-03
-1.325135255858246553e-05 -1.977345533978728786e-06 1.735927011100541829e-04 -2.341872690716133014e-07 1.955710497658951436e-06 -9.452229376854306151e-06 1.091090800441350648e-06 -5.676470861929286497e-08 -5.096369953287965588e-08 2.369709996928459595e-07 1.292661413886537092e-03 8.296126342503317775e-05 1.025225874221752115e-03 -1.018919408313605441e-03 -1.238436077337048047e-04 2.740790063952374647e-04 1.065119599441936415e-03 -4.322086315069158312e-04 -1.333907350270341352e-02 1.325818981229443059e-03 5.924844740124287669e-03 3.152624659838944906e-03 -4.090274723792287361e-04 7.080580878350241011e-04 -3.711770869441310267e-04 2.843581572127694152e-03 5.108691771532325714e-04 -9.412692677242085826e-04
-1.450699928972760346e-05 2.968970181486589099e-06 5.657542494170508736e-05 -3.276285708156787823e-07 1.048999364953097201e-06 -9.771930439906533172e-06 7.350720172634260702e-07 2.120340016546441017e-06 -6.419959899141145025e-08 -7.169266596412465891e-08 2.586996991913783142e-03 1.261847897411113705e-04 2.160268081337028548e-04 -1.809908882512154763e-03 9.657672633188049910e-04 -7.790891429722886924e-04 -1.996165364617368248e-03 -6.673073003366955004e-03 1.301796926489394944e-04 1.027923025223763040e-02 1.247370746369180251e-02 8.363993063371794046e-03 -1.183398868433949917e-04 3.297387699472191064e-05 6.148749509354945820e-04 5.108691771532326798e-04 6.547819469929040855e-03 7.617300366993959987e-03
-9.464051744504607192e-06 3.123887570038311170e-06 3.904438533758746929e-03 -1.517282353882177301e-06 6.935317958933147860e-06 -1.763386392697909773e-05 7.407929535607054043e-06 5.976774207048145595e-06 3.174073851783590960e-06 -7.209084463998324686e-07 -5.029262290936066526e-03 2.306405226365064204e-04 -7.535480162630575456e-03 5.789983739384498354e-03 2.751506899871165347e-03 -6.109421838473385637e-03 1.462628242543319735e-03 1.350396796266643655e-02 1.058585387402383449e-01 3.655746422905681997e-02 -7.874462654533486425e-05 1.079115257460180194e-02 -2.331191051228822977e-04 -8.258336735586813701e-04 4.413716050792847179e-03 -9.412692677242084742e-04 7.617300366993959987e-03 7.121657454542253129e-02
