# logA n_s H0 omega_b omega_cdm tau_reio A_planck calib_100T calib_217T A_cib_217 xi_sz_cib A_sz ksz_norm gal545_A_100 gal545_A_143 gal545_A_143_217 gal545_A_217 ps_A_100_100 ps_A_143_143 ps_A_143_217 ps_A_217_217 galf_TE_A_100 galf_TE_A_100_143 galf_TE_A_100_217 galf_TE_A_143 galf_TE_A_143_217 galf_TE_A_217
2.166668763868998340e-04 1.106116358345764322e-05 1.378013238532531382e-03 3.542549120757271441e-07 -2.792131256443679039e-06 1.027524403818408654e-04 8.375709934518251975e-06 4.429273266445703918e-08 -1.768953292509635000e-07 -3.754444069575011995e-03 1.027965346241568444e-04 4.485856261314061515e-04 -1.962123513297823595e-03 -2.540886402366351012e-05 -6.058259689301848322e-04 -9.278713355820104565e-04 1.360073728940849793e-03 -1.236260997003840907e-02 -6.109106184118632231e-03 2.782641206452392052e-04 5.684788076778201499e-03 4.068546318738811230e-07 -3.420512591006337656e-06 9.698852677676744359e-06 -2.041175743261526665e-05 -1.999022280500800455e-05 -2.962072230079220027e-05
1.106116358345764322e-05 1.315246381475155972e-05 8.186941592262274910e-04 1.319031522947848650e-07 -1.828699087707947735e-06 8.003201441761625262e-06 4.164476684535980658e-07 -4.758649625989922139e-08 -7.166965092019137495e-08 -4.017692389333404716e-03 9.126835929916823854e-05 7.771776912135197873e-04 -2.031126401091221719e-03 2.371814748349901662e-04 -3.872613683348997081e-04 -3.891039174048223207e-04 1.037976247307671220e-03 -2.088883240381694817e-02 -5.696765270841801579e-03 1.499965881698492884e-03 4.604128168817612533e-03 -6.674228204109303473e-07 -5.520776340624722644e-08 1.314687947880494447e-06 -2.540540538553272130e-06 -3.061253730761928050e-06 -1.095503019977551383e-05
1.378013238532531382e-03 8.186941592262274910e-04 1.565511892568851593e-01 3.375879834984888718e-05 -3.187094034698247438e-04 9.613905610290774794e-04 5.717459057287419205e-05 4.001707528128518976e-06 -3.946491420413369058e-06 -9.048166959870937442e-02 2.276984161418414785e-03 1.890466457935460406e-02 -4.647754026427705631e-02 6.244713044991978719e-03 -1.445104376944609907e-02 -2.721068453225780268e-02 -1.724182168610943061e-02 -6.346226689972200852e-01 -3.227261098601342804e-01 -1.375033045025506606e-01 -3.335792725108816664e-02 2.821568175566633869e-05 -4.931527077702517600e-05 -1.428236589353297872e-04 -5.421940195931981236e-04 -7.543243909662657740e-04 -2.460137932412253571e-03
3.542549120757271441e-07 1.319031522947848650e-07 3.375879834984888718e-05 1.784398891738200176e-08 -4.441445561178403768e-08 1.770123183187993910e-07 1.066066808978859303e-08 1.442543648379262415e-09 -2.242291773149702710e-09 -7.100336308405237769e-05 1.361274605527985588e-06 1.511330489300882742e-05 -3.142340763491838793e-05 -2.364344853423476858e-07 -1.041086073271635863e-05 -1.364045512000580803e-05 4.371647432193087833e-06 -3.708643332979046753e-04 -1.847237233374571241e-04 -5.490193118558527291e-05 9.423214331215467652e-06 -8.758225056970635649e-09 -2.160458378653448917e-08 2.882317232798397978e-08 -2.339680569254213589e-07 -3.192821597985419862e-07 -1.258103376189789418e-06
-2.792131256443679039e-06 -1.828699087707947735e-06 -3.187094034698247438e-04 -4.441445561178403768e-08 7.639070636714347615e-07 -2.173066101686735093e-06 -1.312277800214711850e-07 -8.193490677704600820e-09 7.162248452225112205e-09 1.157673585057299089e-04 -3.029747710948898439e-06 -1.804965906157611263e-05 6.051863998249961118e-05 -1.795392485849616599e-05 1.582851301472081756e-05 3.678366602546112449e-05 2.876648388176875193e-05 8.501672015996882036e-04 4.473614523774803258e-04 2.365223338945559618e-04 6.502634926790281809e-05 -6.509970929174603012e-08 1.405391297630886239e-07 4.190557177747222967e-07 9.091743954325716685e-07 1.047977502565238303e-06 4.211235953627311640e-06
1.027524403818408654e-04 8.003201441761625262e-06 9.613905610290774794e-04 1.770123183187993910e-07 -2.173066101686735093e-06 5.594556147516740617e-05 -1.461997325599591833e-06 -2.976585751095271757e-08 -1.087963864327174493e-07 -1.792965311377857406e-03 3.556396810996311094e-05 2.653975590091661122e-04 -6.754556927961879748e-04 1.623043287093666885e-04 -4.835445033546374889e-05 -3.211246299050357893e-04 -2.171097705864108679e-04 -7.972553853615662808e-03 -3.990064676051426409e-03 -1.236590443813790925e-03 5.630116643227199157e-05 1.040661688195369219e-07 -2.436724736284446209e-06 5.658121410768807375e-06 -1.086044794007315407e-05 -9.581022306875588613e-06 -2.479598301101199542e-05
8.375709934518251975e-06 4.164476684535980658e-07 5.717459057287419205e-05 1.066066808978859303e-08 -1.312277800214711850e-07 -1.461997325599591833e-06 5.821048780656991117e-06 -8.510404351995103842e-09 2.331132842214294163e-08 5.793075817852130381e-04 7.433934447094924661e-07 -1.636422034975597688e-05 8.230969502024533633e-06 -1.049794429480178768e-05 2.024767150838071898e-06 6.708238982509470911e-05 9.149543121890372577e-04 3.093323418312202838e-03 4.567999974473367772e-04 3.368566968885845065e-04 1.212340798628999206e-03 2.809419005552293921e-07 6.427193204533844392e-07 -1.852900823704738608e-06 -1.215451725583195795e-07 -1.254529203693295586e-06 5.488818257748922307e-06
4.429273266445703918e-08 -4.758649625989922139e-08 4.001707528128518976e-06 1.442543648379262415e-09 -8.193490677704600820e-09 -2.976585751095272088e-08 -8.510404351995103842e-09 3.741854706476237323e-07 -3.868494061297325711e-09 -2.269192053437727613e-04 3.874100729337153305e-06 1.220260108064918778e-04 -7.501599854665177676e-05 1.777879768136847048e-04 -1.702122495235956767e-04 5.834792975119909429e-07 1.053655358407780580e-04 3.397114548389031791e-03 -4.014540058849898142e-06 4.066930233171790971e-04 4.599465702840411043e-04 2.496084028864879371e-09 1.778191175548547553e-08 1.915726588921140469e-07 1.912698108705002238e-07 -1.658136084424937033e-07 -1.121723135325409258e-06
-1.768953292509635000e-07 -7.166965092019137495e-08 -3.946491420413369058e-06 -2.242291773149702710e-09 7.162248452225112205e-09 -1.087963864327174493e-07 2.331132842214294163e-08 -3.868494061297325711e-09 3.854688157923754591e-07 7.193355402493212822e-04 -2.107401527183550416e-06 -3.595153381966533971e-05 4.602888517506574161e-06 -8.982103290971504245e-06 -3.308695994650613642e-05 4.116956820165858471e-04 9.279936026684654834e-04 5.879564647424238453e-04 9.311336440970877624e-05 -3.892082326703141045e-04 -1.332792562270630624e-03 -2.470399105721075576e-07 1.990812468358468383e-08 -2.357246014076702177e-07 2.998426612416530287e-07 2.366958159667792867e-08 3.557860116559480522e-07
-3.754444069575011995e-03 -4.017692389333404716e-03 -9.048166959870937442e-02 -7.100336308405237769e-05 1.157673585057299089e-04 -1.792965311377857406e-03 5.793075817852130381e-04 -2.269192053437727613e-04 7.193355402493212822e-04 4.400201997454885827e+01 -3.723518544257012342e-01 -7.868270300143429541e-01 -2.001443667618868771e-01 1.789795677434726229e-01 5.398746927783483196e-01 -5.858654091478419979e+00 -3.330656931607011728e+01 3.386413851332054747e+01 1.839667241370487982e+00 -1.260646065412393391e+01 -5.413992622716247638e+01 -8.515560039104390876e-05 7.410034419200153995e-04 -1.648391838701296483e-03 -1.210479124245716345e-03 3.627861086764756857e-03 5.763268399553534566e-03
1.027965346241568444e-04 9.126835929916823854e-05 2.276984161418415219e-03 1.361274605527985588e-06 -3.029747710948898439e-06 3.556396810996311771e-05 7.433934447094921484e-07 3.874100729337152458e-06 -2.107401527183550416e-06 -3.723518544257012342e-01 8.122842622652055866e-02 -4.677123427457723776e-02 4.906274440113903013e-02 -5.593118237195212478e-03 1.580322068878523348e-02 1.057729511566177505e-01 1.319895798456844072e-01 -4.692668771520461801e-01 9.347946574834037348e-01 1.708467138534309315e+00 6.064379842167535450e-01 8.231723964764675681e-05 3.410364801771442815e-05 6.906097174092505099e-05 5.774669954286866530e-05 6.798030971983079246e-05 3.367401429154378710e-04
4.485856261314061515e-04 7.771776912135197873e-04 1.890466457935460406e-02 1.511330489300882742e-05 -1.804965906157611263e-05 2.653975590091661122e-04 -1.636422034975597688e-05 1.220260108064918778e-04 -3.595153381966533971e-05 -7.868270300143429541e-01 -4.677123427457723776e-02 3.779127155606105237e+00 -2.601118936084560573e+00 -2.045753649495862525e-01 1.350515105955613637e-01 2.574897101319127746e+00 3.178145157198297710e+00 -2.968532744149655755e+01 -3.335016767406705718e+00 7.268497330655700139e+00 5.088281013789249130e+00 -4.009409680175634802e-04 -3.121738029827127734e-04 1.517549949685624176e-03 1.172283413928991490e-04 -1.611326007373239553e-04 -1.587197003211547174e-03
-1.962123513297824029e-03 -2.031126401091221719e-03 -4.647754026427705631e-02 -3.142340763491838793e-05 6.051863998249961118e-05 -6.754556927961879748e-04 8.230969502024513304e-06 -7.501599854665177676e-05 4.602888517506574161e-06 -2.001443667618869604e-01 4.906274440113903013e-02 -2.601118936084560573e+00 5.644816147476169554e+00 1.581107122030898648e-01 -1.697637416925800724e-01 -2.013317103414113962e+00 -2.242555253616893562e+00 1.296861904665150789e+01 -4.684883885811593096e+00 -1.122434034110639622e+01 -8.822272107396226914e+00 9.029162926546608400e-04 3.097548492278085473e-04 -6.561587898885419459e-04 -3.288269828440434006e-05 -6.554518085606535812e-04 -5.004388492990004093e-03
-2.540886402366347962e-05 2.371814748349901662e-04 6.244713044991978719e-03 -2.364344853423481622e-07 -1.795392485849616260e-05 1.623043287093666885e-04 -1.049794429480178599e-05 1.777879768136847048e-04 -8.982103290971504245e-06 1.789795677434726229e-01 -5.593118237195211610e-03 -2.045753649495862525e-01 1.581107122030898648e-01 3.340190911590272815e+00 5.804706353463230384e-01 1.381400164882140291e-01 5.173894595134945207e-02 -6.236721278367557630e+00 -5.500088293612637180e-01 -9.038983965468340154e-01 -7.309781593320023863e-01 -3.509822050659349986e-04 3.428455909326408617e-04 1.375058192408343998e-03 -1.045576256618299844e-03 -1.088785518443224866e-03 -3.001924468145528851e-03
-6.058259689301848322e-04 -3.872613683348997081e-04 -1.445104376944609907e-02 -1.041086073271635863e-05 1.582851301472081756e-05 -4.835445033546376922e-05 2.024767150838071898e-06 -1.702122495235956767e-04 -3.308695994650613642e-05 5.398746927783483196e-01 1.580322068878523001e-02 1.350515105955613915e-01 -1.697637416925800724e-01 5.804706353463230384e-01 3.140420342605620085e+00 2.693172426833324362e+00 2.704456092809615075e+00 5.985164930926558213e+00 -1.267199741100898613e+00 -6.320966895776513050e-01 -1.278152261621708030e+00 3.436719687564767137e-04 -3.473200156618175207e-04 -7.416920386164707385e-05 6.150515361445000294e-04 -1.475282634845171781e-04 2.527015648815959586e-04
-9.278713355820104565e-04 -3.891039174048223207e-04 -2.721068453225780268e-02 -1.364045512000580803e-05 3.678366602546112449e-05 -3.211246299050357893e-04 6.708238982509469556e-05 5.834792975119884018e-07 4.116956820165858471e-04 -5.858654091478419979e+00 1.057729511566177505e-01 2.574897101319127746e+00 -2.013317103414113518e+00 1.381400164882140291e-01 2.693172426833324362e+00 1.078637594326380267e+01 1.938363779449597502e+01 -1.097040572260046964e+01 3.190179465808433701e+00 4.554304008609864063e+00 5.255574026921472353e+00 -3.557089352628556495e-04 -3.595905205792120259e-04 -1.862396829554645999e-03 7.370737125193256405e-04 -6.696703575757084401e-04 6.950067816489492213e-03
1.360073728940849793e-03 1.037976247307671220e-03 -1.724182168610943061e-02 4.371647432193087833e-06 2.876648388176875193e-05 -2.171097705864109492e-04 9.149543121890372577e-04 1.053655358407780580e-04 9.279936026684654834e-04 -3.330656931607011728e+01 1.319895798456844072e-01 3.178145157198297710e+00 -2.242555253616893562e+00 5.173894595134945207e-02 2.704456092809614187e+00 1.938363779449597502e+01 5.403549456768665493e+01 -2.154804326936210757e+01 3.708491642034127178e+00 7.369616782903158025e+00 3.289532976131697950e+01 -1.642216779127995139e-03 -1.247126791379479186e-03 -2.712669595931211947e-03 2.560231658385379687e-03 -4.766303273777514928e-03 1.079954438048687237e-02
-1.236260997003840907e-02 -2.088883240381694817e-02 -6.346226689972200852e-01 -3.708643332979046753e-04 8.501672015996882036e-04 -7.972553853615662808e-03 3.093323418312202838e-03 3.397114548389031791e-03 5.879564647424238453e-04 3.386413851332055458e+01 -4.692668771520461801e-01 -2.968532744149655755e+01 1.296861904665150789e+01 -6.236721278367557630e+00 5.985164930926558213e+00 -1.097040572260046964e+01 -2.154804326936210757e+01 7.708153879193228022e+02 6.793188781877262272e+01 -5.227276142804457493e+01 -5.817296634892250040e+01 5.170365960076269037e-03 4.788922445976491124e-03 -2.622077458440216780e-02 1.411169672404874106e-02 -6.086865703003512505e-03 -3.606511128541990165e-03
-6.109106184118632231e-03 -5.696765270841801579e-03 -3.227261098601342804e-01 -1.847237233374571241e-04 4.473614523774803258e-04 -3.990064676051426409e-03 4.567999974473367229e-04 -4.014540058849895600e-06 9.311336440970877624e-05 1.839667241370487982e+00 9.347946574834037348e-01 -3.335016767406705718e+00 -4.684883885811593096e+00 -5.500088293612636070e-01 -1.267199741100898169e+00 3.190179465808433701e+00 3.708491642034127178e+00 6.793188781877262272e+01 6.043505363971755884e+01 4.000051176014131471e+01 1.433807587650218451e+01 1.356060648810362718e-03 1.430596894722769305e-03 -5.867770533202981351e-03 1.163583313396179602e-03 6.108063327776802609e-03 3.404519226999599274e-02
2.782641206452394762e-04 1.499965881698492884e-03 -1.375033045025506606e-01 -5.490193118558527291e-05 2.365223338945559618e-04 -1.236590443813790491e-03 3.368566968885845065e-04 4.066930233171790971e-04 -3.892082326703141045e-04 -1.260646065412393391e+01 1.708467138534309315e+00 7.268497330655700139e+00 -1.122434034110639622e+01 -9.038983965468340154e-01 -6.320966895776513050e-01 4.554304008609864063e+00 7.369616782903158025e+00 -5.227276142804457493e+01 4.000051176014131471e+01 8.453175618817874692e+01 5.144979575875379396e+01 1.084388899504122811e-03 -3.954672154872323196e-04 3.744541851881729323e-03 3.844644731597694678e-03 6.410793936442222077e-03 2.642406035754141236e-02
5.684788076778201499e-03 4.604128168817612533e-03 -3.335792725108816664e-02 9.423214331215467652e-06 6.502634926790281809e-05 5.630116643227191025e-05 1.212340798628999206e-03 4.599465702840411043e-04 -1.332792562270630624e-03 -5.413992622716247638e+01 6.064379842167534340e-01 5.088281013789248242e+00 -8.822272107396226914e+00 -7.309781593320023863e-01 -1.278152261621708030e+00 5.255574026921472353e+00 3.289532976131697950e+01 -5.817296634892250040e+01 1.433807587650218451e+01 5.144979575875379396e+01 1.016042037466974080e+02 5.282763667940810516e-04 -1.418745662670491950e-03 2.645930866040746392e-03 4.379473561866009494e-03 1.272782631410887197e-03 9.786213608089460933e-03
4.068546318738819701e-07 -6.674228204109303473e-07 2.821568175566632853e-05 -8.758225056970637304e-09 -6.509970929174606983e-08 1.040661688195377160e-07 2.809419005552294450e-07 2.496084028864905013e-09 -2.470399105721076635e-07 -8.515560039104375968e-05 8.231723964764675681e-05 -4.009409680175634802e-04 9.029162926546608400e-04 -3.509822050659350528e-04 3.436719687564768221e-04 -3.557089352628555411e-04 -1.642216779127995572e-03 5.170365960076269904e-03 1.356060648810362935e-03 1.084388899504122811e-03 5.282763667940814853e-04 1.481865726580437921e-03 2.847358195349255897e-04 1.025897478379808484e-04 -3.745022930179995940e-04 -1.024347514828193744e-04 1.935678545804455847e-05
-3.420512591006337233e-06 -5.520776340624722644e-08 -4.931527077702517600e-05 -2.160458378653448587e-08 1.405391297630886239e-07 -2.436724736284446209e-06 6.427193204533844392e-07 1.778191175548550531e-08 1.990812468358466398e-08 7.410034419200156163e-04 3.410364801771444848e-05 -3.121738029827127192e-04 3.097548492278085473e-04 3.428455909326408617e-04 -3.473200156618174122e-04 -3.595905205792121343e-04 -1.247126791379479403e-03 4.788922445976490257e-03 1.430596894722769305e-03 -3.954672154872322654e-04 -1.418745662670492383e-03 2.847358195349255897e-04 8.776816234553174844e-04 4.327089713211102861e-05 7.323593826261838016e-04 1.658798908264401973e-05 -7.926069394670555348e-04
9.698852677676744359e-06 1.314687947880494659e-06 -1.428236589353297601e-04 2.882317232798397978e-08 4.190557177747222967e-07 5.658121410768807375e-06 -1.852900823704738608e-06 1.915726588921140469e-07 -2.357246014076701383e-07 -1.648391838701297133e-03 6.906097174092507810e-05 1.517549949685624176e-03 -6.561587898885422711e-04 1.375058192408343998e-03 -7.416920386164725003e-05 -1.862396829554645999e-03 -2.712669595931211947e-03 -2.622077458440216780e-02 -5.867770533202981351e-03 3.744541851881730190e-03 2.645930866040746392e-03 1.025897478379808484e-04 4.327089713211103539e-05 7.246829702917963190e-03 -3.287066699986216940e-04 5.983650689853316695e-04 4.574919802166602448e-03
-2.041175743261526665e-05 -2.540540538553272130e-06 -5.421940195931982320e-04 -2.339680569254213589e-07 9.091743954325716685e-07 -1.086044794007315407e-05 -1.215451725583195795e-07 1.912698108705002238e-07 2.998426612416530816e-07 -1.210479124245717429e-03 5.774669954286867208e-05 1.172283413928991490e-04 -3.288269828440446203e-05 -1.045576256618300061e-03 6.150515361445001378e-04 7.370737125193255320e-04 2.560231658385379253e-03 1.411169672404874280e-02 1.163583313396179819e-03 3.844644731597695111e-03 4.379473561866009494e-03 -3.745022930179995940e-04 7.323593826261838016e-04 -3.287066699986216940e-04 2.907102401236909099e-03 4.688962876492389596e-04 -1.178621647476893854e-03
-1.999022280500800455e-05 -3.061253730761928050e-06 -7.543243909662657740e-04 -3.192821597985419862e-07 1.047977502565238303e-06 -9.581022306875588613e-06 -1.254529203693295586e-06 -1.658136084424937033e-07 2.366958159667791874e-08 3.627861086764756857e-03 6.798030971983075180e-05 -1.611326007373239011e-04 -6.554518085606534728e-04 -1.088785518443224866e-03 -1.475282634845171781e-04 -6.696703575757088737e-04 -4.766303273777514928e-03 -6.086865703003515107e-03 6.108063327776801742e-03 6.410793936442222944e-03 1.272782631410887197e-03 -1.024347514828193744e-04 1.658798908264401634e-05 5.983650689853316695e-04 4.688962876492389596e-04 6.242019783758338304e-03 7.633146743392080907e-03
-2.962072230079220027e-05 -1.095503019977551383e-05 -2.460137932412253571e-03 -1.258103376189789418e-06 4.211235953627311640e-06 -2.479598301101199542e-05 5.488818257748922307e-06 -1.121723135325409470e-06 3.557860116559479464e-07 5.763268399553536300e-03 3.367401429154380336e-04 -1.587197003211547608e-03 -5.004388492990004093e-03 -3.001924468145528851e-03 2.527015648815956333e-04 6.950067816489492213e-03 1.079954438048687237e-02 -3.606511128541991466e-03 3.404519226999599274e-02 2.642406035754141930e-02 9.786213608089457464e-03 1.935678545804457202e-05 -7.926069394670555348e-04 4.574919802166602448e-03 -1.178621647476893854e-03 7.633146743392080907e-03 7.204665715137410775e-02
