# logA n_s H0 omega_b omega_cdm tau_reio A_planck calib_100T calib_217T A_cib_217 xi_sz_cib A_sz ksz_norm gal545_A_100 gal545_A_143 gal545_A_143_217 gal545_A_217 ps_A_100_100 ps_A_143_143 ps_A_143_217 ps_A_217_217 galf_TE_A_100 galf_TE_A_100_143 galf_TE_A_100_217 galf_TE_A_143 galf_TE_A_143_217 galf_TE_A_217
2.154220938776548616e-04 1.076518935368950990e-05 1.419898009396532547e-03 3.652635487328048724e-07 -2.830367166254471722e-06 1.016268350327244368e-04 8.719879741053215090e-06 1.102130431843395746e-07 -1.656477377842237081e-07 -4.433860449096918913e-03 1.956837704582994983e-04 1.002253624648423739e-03 -2.170635675286105865e-03 -4.273046479589190372e-04 -1.129148020160479363e-03 5.982483348543441993e-05 3.148930005117064630e-03 -1.604299953740374526e-02 -3.788694746707744684e-03 3.918855809396206043e-03 7.182137347079640098e-03 2.435447458709194009e-06 -1.531620517788536292e-06 -1.422538517694905363e-05 -1.036883707785415509e-05 -1.858716040987776368e-05 1.307564793500995405e-05
1.076518935368950990e-05 1.315884407845005076e-05 8.544255000012176407e-04 1.359962077122318943e-07 -1.896779464468907735e-06 8.140630396991372627e-06 2.085230552035292669e-07 -6.466304042929333187e-08 -7.309088314271151389e-08 -3.950585203741647199e-03 9.901970935955821645e-05 7.589161334081257967e-04 -1.922453170778001081e-03 1.975155985057824187e-04 -3.861052990976713574e-04 -3.244864667356317208e-04 1.038599026935223225e-03 -2.053515276494637110e-02 -5.612731140055680738e-03 1.432057313268811100e-03 4.168381674339635863e-03 -1.177504307797995254e-06 -6.809983574353165879e-07 -1.403329933308670905e-06 -2.842183075877606801e-06 -3.978152309820688517e-06 -6.696585026686146737e-06
1.419898009396532547e-03 8.544255000012176407e-04 1.657606852664989527e-01 3.554230460841486654e-05 -3.372978035366900056e-04 1.025966108481091632e-03 3.938647312398978656e-05 4.867066793170924141e-06 -3.804707563287563644e-06 -8.645209648111519540e-02 1.978670840581393635e-03 2.006510494549141807e-02 -4.803197215916274465e-02 -3.052376085393140783e-03 -1.153952458009829644e-02 -1.184296237192394245e-03 1.751115569422575374e-02 -4.429001875416836431e-01 -3.167497648934846644e-01 -1.710773622441967567e-01 -7.606694712685728443e-02 -1.518163581103775179e-04 -5.935401034023610135e-05 -1.814615103677086555e-04 -4.448128333587955956e-04 -7.903852693363145384e-04 -4.231223404844003042e-03
3.652635487328048724e-07 1.359962077122318943e-07 3.554230460841486654e-05 1.831680140998417990e-08 -4.839694430421439288e-08 1.984754365592305563e-07 1.074434237669573563e-09 2.712304024152965680e-09 -1.461239161141295619e-09 -8.298452155676345240e-05 1.535098703002888576e-06 1.670039733703527912e-05 -3.234756641237999827e-05 -3.219110157047688502e-06 -9.708929665900600000e-06 -3.534918193011841581e-06 2.651086497065716069e-05 -3.001861873897533747e-04 -1.714821404059835611e-04 -4.785307647210212625e-05 1.822336684321618905e-05 -5.127909616595439049e-08 -3.575530629644599029e-08 4.135459441137134963e-08 -1.919749310896341759e-07 -3.084165082305290595e-07 -1.704290581177337954e-06
-2.830367166254471722e-06 -1.896779464468907735e-06 -3.372978035366900056e-04 -4.839694430421439288e-08 7.996400702270676375e-07 -2.269245611225196184e-06 -1.032653154632183601e-07 -5.096326208739584565e-09 6.698750478028957145e-09 5.499702594920979020e-05 -3.528903959525596930e-06 -9.929063548491073973e-06 4.969755980036623405e-05 2.292732698875134440e-06 8.701994088111778295e-06 1.811691502195019636e-06 2.154252315154546869e-05 4.900777696730277896e-04 4.540844440176200871e-04 3.326455764567893235e-04 2.442700198638254189e-04 3.458817387953277556e-07 -8.547877862820793046e-09 4.301012562861729631e-07 5.738735662189826418e-07 1.335140206875631409e-06 6.720190571681338313e-06
1.016268350327244368e-04 8.140630396991372627e-06 1.025966108481091632e-03 1.984754365592305298e-07 -2.269245611225196184e-06 5.543615839432860734e-05 -1.484902897174513976e-06 -1.511786923405520592e-08 -8.168990954092609244e-08 -2.067866547642513170e-03 8.872220648696276381e-05 4.673589946949456260e-04 -6.811512501172065255e-04 -1.591402975424287627e-05 -2.791317745056594844e-04 1.015937609782582054e-04 5.155669983211013134e-04 -1.051386070104361886e-02 -3.344115536002857485e-03 1.469143958420177434e-04 3.613249719831554733e-04 -5.508331714144380057e-07 -1.036263480929863254e-06 -4.277424804390596213e-06 -4.813894272371732433e-06 -1.410486667327591163e-05 -1.446659767926589493e-05
8.719879741053218478e-06 2.085230552035291610e-07 3.938647312398979334e-05 1.074434237669571495e-09 -1.032653154632183601e-07 -1.484902897174513976e-06 5.951849767996605549e-06 4.515860852134863844e-09 -4.151070977973599446e-09 6.437653235153919119e-04 -4.681471107785520035e-06 3.764741259533199182e-05 -7.175440438392095247e-05 -5.969464894206627699e-05 -2.606645102914185804e-05 1.000909262581390491e-04 9.073185339253860568e-04 3.954782402456889431e-03 8.637866111696493538e-04 6.200775433335351926e-04 1.380608726344984124e-03 1.232816195348569158e-06 3.315192178338044220e-07 -3.205328525849445793e-06 -5.254618085373099921e-07 3.411692201859854766e-06 1.594093241881444398e-05
1.102130431843395746e-07 -6.466304042929333187e-08 4.867066793170924141e-06 2.712304024152965680e-09 -5.096326208739584565e-09 -1.511786923405520261e-08 4.515860852134864671e-09 3.778236837537830343e-07 -8.845214314016095330e-09 -1.549235066250197483e-04 5.861714106928865074e-06 9.469631037387640999e-05 -6.107612760681458309e-05 1.746936688229774588e-04 -1.770519788108153140e-04 -4.782835119714511969e-05 -7.906876285238317699e-06 3.981953151035136536e-03 7.939939284029881399e-05 3.961192485435178589e-04 3.646402134420142311e-04 1.692225648846097236e-07 5.821852563083941848e-09 6.945168527514177675e-07 -1.173320655636411132e-08 -5.235944901156063130e-07 -1.685437088627287886e-06
-1.656477377842237081e-07 -7.309088314271151389e-08 -3.804707563287563644e-06 -1.461239161141295619e-09 6.698750478028957145e-09 -8.168990954092609244e-08 -4.151070977973606891e-09 -8.845214314016095330e-09 3.801672390124293471e-07 7.539095284160882105e-04 -1.901423272825182885e-07 -4.239288684913068906e-05 2.432513520765234387e-05 -7.130450542022190690e-06 -4.847640508775310386e-05 3.745453130517887013e-04 8.499988730059008894e-04 5.109264541736157966e-04 7.367635555128434143e-05 -4.056644119429111766e-04 -1.428824211600010063e-03 -1.196175589951591748e-07 1.297550370210508497e-09 2.110212798512985791e-07 3.053214737674277652e-07 6.496204786535667606e-07 2.369222844789978054e-06
-4.433860449096918913e-03 -3.950585203741647199e-03 -8.645209648111519540e-02 -8.298452155676345240e-05 5.499702594920979020e-05 -2.067866547642513170e-03 6.437653235153921287e-04 -1.549235066250197483e-04 7.539095284160883190e-04 4.444126066484956539e+01 -3.863383173060551679e-01 -8.426218087294355952e-01 -2.042081693271440845e-01 1.506058207146173944e-01 4.567367671145883268e-01 -6.000736219806054095e+00 -3.341673957172044851e+01 3.765167549336536013e+01 2.187606973031740676e+00 -1.294484658877092897e+01 -5.469670505041476360e+01 2.507856458237774913e-04 -1.290552411267772591e-03 -3.512735082146622306e-03 -3.129904543320518543e-03 2.107254427355439910e-03 -9.984491683862619163e-03
1.956837704582994983e-04 9.901970935955821645e-05 1.978670840581393635e-03 1.535098703002888576e-06 -3.528903959525597777e-06 8.872220648696276381e-05 -4.681471107785513259e-06 5.861714106928865074e-06 -1.901423272825195855e-07 -3.863383173060551679e-01 8.115571837711214875e-02 -4.211706194286340271e-02 5.384827033180394906e-02 -9.965908504983940833e-03 8.513709949891465345e-03 1.117029037180705398e-01 1.421628411340257747e-01 -4.929215722494173502e-01 8.889200686181703004e-01 1.680686238396323473e+00 6.116342885991504774e-01 -2.567897669027958767e-04 -2.720061418830699469e-05 1.295384376329041236e-04 3.196290655907018546e-04 7.152657087515783448e-05 5.337129348256090550e-04
1.002253624648423739e-03 7.589161334081256883e-04 2.006510494549141460e-02 1.670039733703527912e-05 -9.929063548491075668e-06 4.673589946949457345e-04 3.764741259533199860e-05 9.469631037387640999e-05 -4.239288684913068906e-05 -8.426218087294355952e-01 -4.211706194286340271e-02 3.768447377062269954e+00 -2.575226124232480984e+00 -2.602720565932616914e-01 9.134043986051676445e-02 2.542046928957133467e+00 3.169505697266342459e+00 -2.993626874346576017e+01 -3.227976290262803971e+00 7.389776871847334228e+00 5.154139850729577255e+00 5.888661355692688740e-04 -1.299412104022924829e-03 -4.664010909327793953e-04 -1.988257684135942994e-03 -7.168854848142291319e-04 3.225297824920987221e-03
-2.170635675286105865e-03 -1.922453170778001081e-03 -4.803197215916274465e-02 -3.234756641237999827e-05 4.969755980036624082e-05 -6.811512501172064171e-04 -7.175440438392096602e-05 -6.107612760681458309e-05 2.432513520765234048e-05 -2.042081693271440845e-01 5.384827033180394906e-02 -2.575226124232480984e+00 5.622055475716491557e+00 1.963121394033816025e-01 -1.413209861234472342e-01 -1.895193199016054875e+00 -2.036716612183127495e+00 1.298895296947732803e+01 -4.992313705866641804e+00 -1.131243694735700878e+01 -8.985796659709135881e+00 -5.050499123636605553e-05 9.393038026382136531e-04 1.604577358357618146e-03 2.062316012488425027e-03 -1.611404042991073900e-03 3.471733270140765944e-03
-4.273046479589191456e-04 1.975155985057823645e-04 -3.052376085393139048e-03 -3.219110157047685538e-06 2.292732698875123428e-06 -1.591402975424277124e-05 -5.969464894206628376e-05 1.746936688229774317e-04 -7.130450542022199160e-06 1.506058207146173389e-01 -9.965908504983940833e-03 -2.602720565932616914e-01 1.963121394033816025e-01 3.386079009058266642e+00 5.555929519347501122e-01 1.184223256844239153e-01 7.736375418839504248e-02 -5.828702695227589992e+00 -4.277393042758938502e-01 -1.161688097114276008e+00 -7.958853796934607372e-01 1.870795270838382070e-04 6.427710982209495919e-04 2.342479529926748492e-03 -1.190959045758301451e-04 1.923110979389690669e-03 -1.617220507151038772e-03
-1.129148020160479146e-03 -3.861052990976713574e-04 -1.153952458009829818e-02 -9.708929665900600000e-06 8.701994088111778295e-06 -2.791317745056595386e-04 -2.606645102914185804e-05 -1.770519788108153140e-04 -4.847640508775309708e-05 4.567367671145882713e-01 8.513709949891463610e-03 9.134043986051675057e-02 -1.413209861234472342e-01 5.555929519347500012e-01 3.141174531930724712e+00 2.596114826658641128e+00 2.630100821309237613e+00 5.608100150433268816e+00 -1.197768303225941855e+00 -7.650246888673699619e-01 -1.159328264931358987e+00 5.286886617881816559e-06 -1.874338491136034643e-04 -5.693667411913547888e-04 4.295741376610546516e-04 2.087686690840011121e-03 -1.785148522225881535e-03
5.982483348543440638e-05 -3.244864667356318292e-04 -1.184296237192398798e-03 -3.534918193011840311e-06 1.811691502195023659e-06 1.015937609782582190e-04 1.000909262581390355e-04 -4.782835119714511969e-05 3.745453130517887013e-04 -6.000736219806054095e+00 1.117029037180705398e-01 2.542046928957133467e+00 -1.895193199016054875e+00 1.184223256844239153e-01 2.596114826658641128e+00 1.055724497615587332e+01 1.900091836491417041e+01 -1.366089922168563575e+01 3.072784885442146674e+00 4.532555318530685717e+00 5.441621612766724070e+00 1.902037765075055478e-04 -9.929153773220273857e-04 -3.198716648719502047e-03 -4.946279891434192779e-04 1.203792477272581018e-03 1.037388572533843450e-02
3.148930005117064630e-03 1.038599026935223225e-03 1.751115569422575374e-02 2.651086497065716069e-05 2.154252315154546869e-05 5.155669983211012049e-04 9.073185339253858400e-04 -7.906876285238316005e-06 8.499988730059008894e-04 -3.341673957172044851e+01 1.421628411340257747e-01 3.169505697266342459e+00 -2.036716612183127495e+00 7.736375418839494533e-02 2.630100821309237613e+00 1.900091836491417041e+01 5.319303005638612092e+01 -2.826831237411037634e+01 3.119087661896791985e+00 7.314279625813592034e+00 3.287592330174476274e+01 4.488557497362747023e-04 6.903837475850416216e-05 -2.362039962901670963e-03 1.129674906124703481e-03 8.491748188166709996e-04 3.084208959623879406e-02
-1.604299953740374526e-02 -2.053515276494637110e-02 -4.429001875416835876e-01 -3.001861873897533747e-04 4.900777696730277896e-04 -1.051386070104361886e-02 3.954782402456889431e-03 3.981953151035136536e-03 5.109264541736157966e-04 3.765167549336536013e+01 -4.929215722494173502e-01 -2.993626874346576017e+01 1.298895296947732803e+01 -5.828702695227589992e+00 5.608100150433268816e+00 -1.366089922168563575e+01 -2.826831237411037634e+01 7.757665871148855103e+02 6.669817386308844220e+01 -5.308460268377998403e+01 -6.092361443840432145e+01 6.785368077724423207e-03 9.275213432298116609e-03 7.988092711433098653e-03 1.663054876206001773e-02 -9.671942397033618868e-03 -1.462205192973692891e-01
-3.788694746707744684e-03 -5.612731140055680738e-03 -3.167497648934846644e-01 -1.714821404059835882e-04 4.540844440176200871e-04 -3.344115536002857485e-03 8.637866111696495706e-04 7.939939284029881399e-05 7.367635555128434143e-05 2.187606973031740676e+00 8.889200686181703004e-01 -3.227976290262803971e+00 -4.992313705866641804e+00 -4.277393042758937391e-01 -1.197768303225942077e+00 3.072784885442146674e+00 3.119087661896791985e+00 6.669817386308844220e+01 5.977521292678900267e+01 3.921264958276816515e+01 1.461638335546927614e+01 -1.664062765041541842e-03 2.895829860922101342e-03 4.099993161497699455e-03 6.948999468579625596e-03 6.597678177833996710e-03 -8.312569195618768917e-04
3.918855809396205175e-03 1.432057313268811100e-03 -1.710773622441967567e-01 -4.785307647210212625e-05 3.326455764567893235e-04 1.469143958420176621e-04 6.200775433335353011e-04 3.961192485435178589e-04 -4.056644119429111766e-04 -1.294484658877092720e+01 1.680686238396323473e+00 7.389776871847334228e+00 -1.131243694735700878e+01 -1.161688097114276452e+00 -7.650246888673699619e-01 4.532555318530685717e+00 7.314279625813592922e+00 -5.308460268377998403e+01 3.921264958276815804e+01 8.412231686755414728e+01 5.220506399440495926e+01 -3.364748977158165018e-03 -1.948877440538012654e-03 4.987585469638866967e-03 5.778963229916869206e-03 5.002046327166112354e-03 1.434165535719488134e-02
7.182137347079640965e-03 4.168381674339636730e-03 -7.606694712685731219e-02 1.822336684321619244e-05 2.442700198638254189e-04 3.613249719831553106e-04 1.380608726344984124e-03 3.646402134420142311e-04 -1.428824211600010063e-03 -5.469670505041478492e+01 6.116342885991503664e-01 5.154139850729577255e+00 -8.985796659709135881e+00 -7.958853796934608482e-01 -1.159328264931359209e+00 5.441621612766723182e+00 3.287592330174476274e+01 -6.092361443840432855e+01 1.461638335546927614e+01 5.220506399440495926e+01 1.029627648352686435e+02 -2.695913144783575405e-04 8.142260203079746284e-04 5.172481389822399661e-03 5.017872623343144940e-03 3.864844818169758164e-03 6.926223838691761454e-03
2.435447458709195703e-06 -1.177504307797995466e-06 -1.518163581103775179e-04 -5.127909616595440373e-08 3.458817387953277556e-07 -5.508331714144367351e-07 1.232816195348568734e-06 1.692225648846097236e-07 -1.196175589951591219e-07 2.507856458237779792e-04 -2.567897669027958767e-04 5.888661355692689824e-04 -5.050499123636634013e-05 1.870795270838381257e-04 5.286886617881704751e-06 1.902037765075055206e-04 4.488557497362751902e-04 6.785368077724424941e-03 -1.664062765041540975e-03 -3.364748977158165018e-03 -2.695913144783597631e-04 1.450757669532850170e-03 2.756433198240614978e-04 7.709740302868996783e-05 -3.546399575172358193e-04 -2.772733168052659127e-05 -2.756925540467478547e-05
-1.531620517788536715e-06 -6.809983574353164821e-07 -5.935401034023613523e-05 -3.575530629644599029e-08 -8.547877862820738452e-09 -1.036263480929863466e-06 3.315192178338043161e-07 5.821852563083927786e-09 1.297550370210535794e-09 -1.290552411267772157e-03 -2.720061418830699469e-05 -1.299412104022924829e-03 9.393038026382138700e-04 6.427710982209502424e-04 -1.874338491136035999e-04 -9.929153773220276025e-04 6.903837475850444676e-05 9.275213432298113139e-03 2.895829860922102209e-03 -1.948877440538013739e-03 8.142260203079759295e-04 2.756433198240614978e-04 8.666177688250064530e-04 7.167960693226821292e-05 7.373633410085360732e-04 6.960571851843418536e-05 -7.317461186780599165e-04
-1.422538517694905701e-05 -1.403329933308671540e-06 -1.814615103677086555e-04 4.135459441137134963e-08 4.301012562861729102e-07 -4.277424804390595366e-06 -3.205328525849445793e-06 6.945168527514179792e-07 2.110212798512984732e-07 -3.512735082146623174e-03 1.295384376329040965e-04 -4.664010909327805337e-04 1.604577358357617929e-03 2.342479529926748925e-03 -5.693667411913543551e-04 -3.198716648719502047e-03 -2.362039962901670530e-03 7.988092711433103857e-03 4.099993161497699455e-03 4.987585469638865232e-03 5.172481389822403998e-03 7.709740302868996783e-05 7.167960693226819936e-05 7.164653568256169544e-03 -2.478915613352537534e-04 7.241295622606780174e-04 4.424338888519525198e-03
-1.036883707785415509e-05 -2.842183075877607225e-06 -4.448128333587955414e-04 -1.919749310896341759e-07 5.738735662189826418e-07 -4.813894272371732433e-06 -5.254618085373096745e-07 -1.173320655636415433e-08 3.053214737674277652e-07 -3.129904543320518543e-03 3.196290655907018546e-04 -1.988257684135942560e-03 2.062316012488424593e-03 -1.190959045758292235e-04 4.295741376610546516e-04 -4.946279891434196031e-04 1.129674906124703481e-03 1.663054876206002466e-02 6.948999468579625596e-03 5.778963229916866604e-03 5.017872623343144940e-03 -3.546399575172358735e-04 7.373633410085360732e-04 -2.478915613352536992e-04 2.939073569332976109e-03 5.354443614526242790e-04 -8.653817952990761888e-04
-1.858716040987776368e-05 -3.978152309820688517e-06 -7.903852693363145384e-04 -3.084165082305291125e-07 1.335140206875631621e-06 -1.410486667327591163e-05 3.411692201859855189e-06 -5.235944901156063130e-07 6.496204786535667606e-07 2.107254427355441211e-03 7.152657087515780737e-05 -7.168854848142290235e-04 -1.611404042991074334e-03 1.923110979389691536e-03 2.087686690840011121e-03 1.203792477272580584e-03 8.491748188166703491e-04 -9.671942397033617134e-03 6.597678177833995843e-03 5.002046327166114956e-03 3.864844818169760766e-03 -2.772733168052659127e-05 6.960571851843418536e-05 7.241295622606780174e-04 5.354443614526242790e-04 6.412358972933888783e-03 7.757881814917617219e-03
1.307564793500995236e-05 -6.696585026686146737e-06 -4.231223404844003042e-03 -1.704290581177337954e-06 6.720190571681338313e-06 -1.446659767926589323e-05 1.594093241881444398e-05 -1.685437088627287886e-06 2.369222844789978054e-06 -9.984491683862626102e-03 5.337129348256089466e-04 3.225297824920988089e-03 3.471733270140767678e-03 -1.617220507151036820e-03 -1.785148522225882186e-03 1.037388572533843450e-02 3.084208959623879406e-02 -1.462205192973692891e-01 -8.312569195618794938e-04 1.434165535719488481e-02 6.926223838691761454e-03 -2.756925540467479902e-05 -7.317461186780599165e-04 4.424338888519525198e-03 -8.653817952990761888e-04 7.757881814917617219e-03 7.154513990091228293e-02
